
































































































































































































































































































































































































































































































































































































































































































































































































































































































































































































































































































0.001431
0.001497
0.001652
0.001301
0.001348
0.002051
0.002224
0.001411
0.001440
0.001443
0.001390
0.001722
0.001344
0.001467
0.001824
0.001363
0.001729
0.001412
0.001308
0.001348
0.001288
0.001723
0.001392
0.001309
0.001413
0.001298
0.002137
0.001522
0.001365
0.001323
0.001346
0.001448
0.001373
0.001469
0.001336
0.001318
0.001353
0.001327
0.001465
0.001308
0.001316
0.001356
0.001354
0.001354
0.001404
0.001322
0.001676
0.001368
0.001302
0.001292
0.001343
0.001274
0.001713
0.001304
0.001434
0.001294
0.001382
0.001346
0.001334
0.001329
0.001330
0.001318
0.001394
0.001360
0.001690
0.001358
0.001356
0.001391
0.001315
0.001324
0.001327
0.001528
0.001771
0.001898
0.001786
0.001298
0.002138
0.001381
0.001338
0.001399
0.001357
0.001391
0.002144
0.001312
0.001334
0.001463
0.001379
0.001330
0.001507
0.001367
0.001315
0.001288
0.001373
0.001366
0.001828
0.002117
0.001799
0.001404
0.001438
0.002158
0.001547
0.001352
0.001366
0.001304
0.001363
0.001299
0.001346
0.001579
0.001351
0.001329
0.002040
0.001357
0.001440
0.001361
0.001421
0.001575
0.001640
0.001311
0.001310
0.002161
0.001381
0.001366
0.001345
0.001766
0.001349
0.001349
0.001757
0.001312
0.001753
0.001270
0.001811
0.001277
0.002102
0.001369
0.001306
0.001303
0.001322
0.002022
0.001380
0.001452
0.001406
0.001460
0.001288
0.001323
0.001430
0.001405
0.001361
0.001326
0.001371
0.001314
0.002066
0.001364
0.001364
0.002150
0.001339
0.001326
0.001327
0.001445
0.001460
0.001424
0.001805
0.001772
0.001431
0.001370
0.001362
0.001615
0.001364
0.001304
0.001381
0.001512
0.001310
0.001343
0.001409
0.001281
0.001332
0.001381
0.001357
0.001468
0.001301
0.001306
0.001383
0.001593
0.001836
0.001629
0.001342
0.001421
0.001723
0.001390
0.001471
0.001964
0.001376
0.001449
0.001811
0.001354
0.001358
0.001313
0.001454
0.001372
0.001545
0.001353
0.001336
0.001582
0.001606
0.001304
0.001813
0.001620
0.001423
0.001791
0.001334
0.001320
0.001339
0.002140
0.001840
0.001394
0.001812
0.001341
0.001343
0.001354
0.001345
0.001485
0.001646
0.001530
0.001328
0.001743
0.001387
0.002092
0.001377
0.002093
0.001440
0.001317
0.001712
0.001268
0.002037
0.001704
0.001502
0.001354
0.001462
0.001568
0.000956
0.000755
0.000472
0.000372
0.000884
0.000283
0.000316
0.000315
0.000343
0.000308
0.000325
0.000401
0.000342
0.000391
0.000424
0.000321
0.000490
0.000437
0.000436
0.000403
0.000441
0.000454
0.000410
0.000489
0.000393
0.000427
0.000392
0.000433
0.000467
0.000358
0.000446
0.000445
0.000635
0.000615
0.001396
0.000811
0.001172
0.001435
0.001328
0.001788
0.002063
0.001342
0.001372
0.001310
0.001640
0.001468
0.001362
0.001351
0.001455
0.001325
0.001593
0.001377
0.001312
0.001699
0.001285
0.001354
0.001376
0.001324
0.002123
0.001626
0.001406
0.001585
0.001437
0.001340
0.001516
0.001613
0.001396
0.001630
0.001373
0.001307
0.001329
0.001375
0.001825
0.001352
0.001350
0.001367
0.001319
0.001295
0.001374
0.001423
0.001355
0.001263
0.001302
0.001346
0.001696
0.001333
0.001471
0.001311
0.001302
0.001330
0.001406
0.001442
0.001407
0.002144
0.001673
0.001453
0.001362
0.002041
0.001283
0.001338
0.001548
0.001405
0.001353
0.001379
0.001335
0.001343
0.001365
0.001364
0.001355
0.001326
0.001447
0.001377
0.001809
0.001601
0.001310
0.002053
0.001380
0.001387
0.001370
0.001323
0.002051
0.001340
0.001326
0.001734
0.002073
0.001769
0.002045
0.002163
0.001439
0.001770
0.001364
0.001420
0.001341
0.001304
0.002151
0.001350
0.001297
0.001814
0.001447
0.001788
0.001366
0.001837
0.001385
0.001338
0.001469
0.002113
0.001312
0.001443
0.001392
0.001418
0.001356
0.001375
0.001415
0.001932
0.001791
0.001471
0.002116
0.001388
0.001774
0.001328
0.001466
0.001361
0.001334
0.001310
0.001336
0.001343
0.001779
0.001336
0.001364
0.001371
0.001378
0.001399
0.001351
0.001510
0.001356
0.001628
0.001487
0.001295
0.001352
0.001489
0.001718
0.001444
0.001327
0.001383
0.001432
0.001761
0.001359
0.001356
0.001329
0.001366
0.001371
0.001447
0.001418
0.002152
0.001350
0.001419
0.001421
0.001608
0.001343
0.001302
0.001372
0.001342
0.001382
0.001334
0.001355
0.001410
0.001371
0.002059
0.001372
0.001362
0.001387
0.001367
0.001293
0.001431
0.001644
0.001487
0.001333
0.001377
0.001335
0.001309
0.001393
0.001441
0.001358
0.001415
0.002058
0.002139
0.001298
0.001388
0.001860
0.001382
0.001339
0.001328
0.001367
0.001722
0.002115
0.001720
0.001365
0.001322
0.002077
0.001520
0.001396
0.001441
0.001342
0.001347
0.001435
0.001408
0.001364
0.001293
0.001357
0.001309
0.001805
0.001491
0.001317
0.001291
0.001315
0.001426
0.001587
0.001271
0.001936
0.001319
0.001366
0.001389
