0.001592
0.001945
0.001664
0.001594
0.001627
0.001563
0.001513
0.001694
0.001708
0.001726
0.001571
0.001561
0.001678
0.001802
0.001887
0.001731
0.001609
0.001537
0.001899
0.001908
0.001915
0.002028
0.001542
0.001653
0.001863
0.001643
0.001500
0.001543
0.001931
0.001530
0.001728
0.001534
0.001584
0.001627
0.001626
0.001688
0.001828
0.001644
0.001494
0.001601
0.001565
0.001733
0.001736
0.001704
0.001434
0.001643
0.001562
0.001648
0.001517
0.001658
0.001507
0.001568
0.001701
0.001619
0.001595
0.001708
0.001487
0.001620
0.001577
0.001733
0.001679
0.001518
0.001679
0.001517
0.001603
0.001572
0.001596
0.001544
0.001552
0.001634
0.001670
0.001537
0.001638
0.001749
0.001692
0.001647
0.001672
0.001950
0.001693
0.001601
0.001626
0.001672
0.001566
0.001599
0.001584
0.001691
0.001737
0.001672
0.001648
0.001504
0.001823
0.001577
0.001627
0.001661
0.001677
0.001680
0.001786
0.001655
0.001524
0.001702
0.001978
0.001607
0.001737
0.001703
0.001555
0.001613
0.001656
0.001842
0.001585
0.001601
0.001617
0.001535
0.001853
0.001647
0.001674
0.001616
0.001511
0.001579
0.001660
0.001540
0.001741
0.001515
0.002069
0.001580
0.001585
0.001672
0.001608
0.001694
0.001577
0.001610
0.001758
0.001545
0.001619
0.001492
0.001625
0.002012
0.001633
0.001608
0.001558
0.001634
0.001564
0.001712
0.001573
0.001718
0.001692
0.001737
0.001558
0.001640
0.001512
0.001590
0.001565
0.001520
0.001558
0.001604
0.001546
0.001500
0.001647
0.001538
0.001515
0.001549
0.001729
0.001674
0.001654
0.001640
0.001524
0.001623
0.001514
0.001509
0.001790
0.001554
0.001572
0.001566
0.001673
0.001897
0.001871
0.001641
0.001596
0.001524
0.001634
0.001692
0.001545
0.001646
0.001961
0.001958
0.001517
0.001519
0.001597
0.001618
0.001639
0.001697
0.001597
0.002065
0.001668
0.001651
0.001623
0.001787
0.001533
0.001609
0.001680
0.001518
0.001593
0.001647
0.001537
0.001733
0.001552
0.001733
0.001541
0.001763
0.001525
0.001860
0.001702
0.001478
0.001651
0.001475
0.001520
0.001571
0.001536
0.001570
0.001604
0.001665
0.001583
0.001517
0.001579
0.001766
0.001805
0.001503
0.001545
0.001630
0.001643
0.001602
0.001580
0.001652
0.001664
0.001587
0.001574
0.001584
0.001584
0.001569
0.001717
0.001687
0.001648
0.001637
0.001956
0.001552
0.001839
0.001666
0.001741
0.001728
0.001562
0.001699
0.001835
0.001812
0.001508
0.001656
0.001595
0.001650
0.001885
0.001508
0.001601
0.001720
0.001568
0.001692
0.001669
0.001660
0.001602
0.001667
0.001698
0.001727
0.001825
0.002022
0.001616
0.001527
0.001546
0.001663
0.001707
0.001548
0.001556
0.001675
0.002150
0.001569
0.001636
0.001979
0.001710
0.001540
0.001609
0.001584
0.001622
0.001647
0.001692
0.001568
0.001666
0.001653
0.001696
0.001586
0.001546
0.001649
0.001664
0.001681
0.001660
0.001691
0.001710
0.001470
0.001607
0.001523
0.001627
0.001543
0.001580
0.001657
0.001576
0.001693
0.001534
0.001711
0.001687
0.001519
0.001691
0.001654
0.001546
0.001641
0.001592
0.001874
0.001716
0.001586
0.001717
0.001612
0.001549
0.001684
0.001914
0.001572
0.001698
0.001624
0.001679
0.001520
0.001980
0.001700
0.001540
0.001640
0.001515
0.001601
0.001666
0.001681
0.001614
0.001902
0.001562
0.001654
0.001967
0.002012
0.001826
0.001574
0.001556
0.002001
0.001817
0.001720
0.001592
0.001767
0.001725
0.001564
0.001526
0.001557
0.001977
0.001514
0.001731
0.001503
0.001650
0.001926
0.001500
0.001646
0.001535
0.001592
0.001669
0.001624
0.001542
0.001997
0.001700
0.001519
0.001678
0.001601
0.001575
0.001582
0.001671
0.001718
0.001542
0.001577
0.001674
0.001559
0.001517
0.001567
0.001619
0.001708
0.001558
0.001641
0.001839
0.001605
0.001558
0.001486
0.001568
0.001825
0.001495
0.001684
0.001587
0.001520
0.001667
0.001681
0.001540
0.001637
0.001663
0.001651
0.001517
0.001644
0.001605
0.001614
0.001838
0.001696
0.001926
0.001607
0.001484
0.001453
0.001494
0.001705
0.001511
0.001704
0.001507
0.001650
0.001584
0.001547
0.001579
0.001513
0.001653
0.001730
0.001630
0.001746
0.001686
0.001763
0.001775
0.001539
0.001613
0.001629
0.001594
0.001611
0.001672
0.001610
0.001605
0.001667
0.001690
0.001605
0.001609
0.001694
0.001580
0.001531
0.001591
0.001563
0.001767
0.001798
0.002072
0.001679
0.001593
0.001579
0.001650
0.001707
0.001525
0.001770
0.001680
0.001600
0.001553
0.001781
0.001704
0.001976
0.001658
0.001644
0.001644
0.001583
0.001718
0.001552
0.001762
0.001510
0.001611
0.001744
0.001837
0.001488
0.001686
0.001989
0.001562
0.001574
0.001675
0.001532
0.001603
0.001623
0.001724
0.001732
0.001673
0.001559
0.001537
0.001547
0.001633
0.001613
0.001557
0.001606
0.001628
0.001697
0.001742
0.001635
