0.001442
0.001513
0.001536
0.001685
0.001459
0.001437
0.001467
0.001600
0.001502
0.001537
0.001512
0.001713
0.001556
0.001516
0.001505
0.001597
0.001532
0.001565
0.001892
0.001569
0.001506
0.001551
0.001471
0.001585
0.001515
0.001498
0.001616
0.001561
0.001524
0.001478
0.001520
0.001367
0.001485
0.001445
0.001492
0.001474
0.001445
0.001466
0.001593
0.001449
0.001475
0.001467
0.001501
0.001506
0.001585
0.001652
0.001441
0.001502
0.001500
0.001574
0.001506
0.001544
0.001541
0.001482
0.001464
0.001494
0.001458
0.001563
0.001533
0.001492
0.001554
0.001835
0.001595
0.001442
0.001656
0.001437
0.001428
0.001478
0.001547
0.001480
0.001494
0.001470
0.001581
0.001559
0.001486
0.001590
0.001458
0.001462
0.001465
0.001424
0.001530
0.001518
0.001482
0.001598
0.001595
0.001469
0.001499
0.001579
0.001504
0.001646
0.001482
0.001489
0.001486
0.001534
0.001514
0.001575
0.001464
0.001528
0.001445
0.001516
0.001516
0.001534
0.001483
0.001687
0.001459
0.001469
0.001621
0.001590
0.001633
0.001440
0.001643
0.001528
0.001515
0.001533
0.001490
0.001530
0.001442
0.001562
0.001489
0.001481
0.001541
0.001482
0.001522
0.001620
0.001826
0.001610
0.001452
0.001553
0.001425
0.001447
0.001533
0.001468
0.001464
0.001489
0.001605
0.001462
0.001487
0.001528
0.001478
0.001569
0.001613
0.001599
0.001442
0.001521
0.001704
0.001416
0.001464
0.001580
0.001664
0.001459
0.001479
0.001656
0.001513
0.001503
0.001491
0.001437
0.001432
0.001408
0.001453
0.001647
0.001470
0.001519
0.001648
0.001626
0.001480
0.001515
0.001531
0.001506
0.001525
0.001571
0.001540
0.001496
0.001650
0.001678
0.001505
0.001413
0.001484
0.001651
0.001440
0.001749
0.001441
0.001518
0.001549
0.001490
0.001572
0.001689
0.001542
0.001553
0.001766
0.001478
0.001541
0.001502
0.001485
0.001456
0.001457
0.001543
0.001533
0.001558
0.001587
0.001688
0.001442
0.001457
0.001480
0.001445
0.001457
0.001468
0.001582
0.001468
0.001474
0.001495
0.001567
0.001455
0.001527
0.001508
0.001639
0.001529
0.001718
0.001466
0.001516
0.001569
0.001661
0.001634
0.001882
0.001490
0.001472
0.001523
0.001486
0.001517
0.001513
0.001472
0.001537
0.001472
0.001514
0.001440
0.001500
0.001484
0.001515
0.001466
0.001497
0.001501
0.001485
0.001553
0.001585
0.001448
0.001452
0.001482
0.001511
0.001510
0.001426
0.001541
0.001529
0.001574
0.001624
0.001453
0.001644
0.001494
0.001486
0.001567
0.001513
0.001463
0.001502
0.001485
0.001524
0.001653
0.001564
0.001492
0.001447
0.001514
0.001501
0.001560
0.001605
0.001510
0.001551
0.001577
0.001485
0.001542
0.001469
0.001694
0.001498
0.001519
0.001554
0.001534
0.001529
0.001474
0.001485
0.001580
0.001537
0.001703
0.001484
0.001585
0.001479
0.001511
0.001477
0.001461
0.001476
0.001603
0.001435
0.001590
0.001504
0.001566
0.001506
0.001663
0.001483
0.001598
0.001560
0.001452
0.001551
0.001481
0.001521
0.001522
0.001482
0.001454
0.001610
0.001753
0.001558
0.001633
0.001519
0.001540
0.001424
0.001493
0.001509
0.001525
0.001471
0.001557
0.001462
0.001449
0.001495
0.001559
0.001514
0.001591
0.001497
0.001477
0.001441
0.001487
0.001596
0.001510
0.001582
0.001632
0.001554
0.001498
0.001479
0.001513
0.001530
0.001497
0.001465
0.001628
0.001698
0.001438
0.001513
0.001520
0.001558
0.001450
0.001470
0.001684
0.001455
0.001447
0.001430
0.001500
0.001475
0.001635
0.001553
0.001573
0.001535
0.001523
0.001467
0.001614
0.001479
0.001458
0.001605
0.001506
0.001575
0.001495
0.001595
0.001540
0.001478
0.001558
0.001467
0.001463
0.001547
0.001457
0.001479
0.001547
0.001459
0.001471
0.001717
0.001442
0.001524
0.001469
0.001669
0.001508
0.001515
0.001651
0.001495
0.001387
0.001549
0.001503
0.001428
0.001470
0.001507
0.001463
0.001443
0.001563
0.001602
0.001419
0.001462
0.001572
0.001446
0.001537
0.001507
0.001513
0.001447
0.001882
0.001494
0.001533
0.001524
0.001456
0.001577
0.001436
0.001514
0.001543
0.001491
0.001624
0.001477
0.001545
0.001499
0.001488
0.001523
0.001668
0.001532
0.001593
0.001435
0.001514
0.001482
0.001484
0.001532
0.001591
0.001582
0.001618
0.001454
0.001430
0.001576
0.001491
0.001543
0.001584
0.001504
0.001446
0.001554
0.001515
0.001480
0.001465
0.001477
0.001495
0.001712
0.000778
0.000598
0.000569
0.000480
0.000358
0.000377
0.000362
0.000348
0.000514
0.000464
0.000416
0.000415
0.000374
0.000413
0.000407
0.000423
0.000545
0.000712
0.000845
0.001540
0.001523
0.001533
0.001472
0.001520
0.001450
0.001438
0.001465
0.001473
0.001543
0.001664
0.001496
0.001544
0.001648
0.001676
0.001516
0.001427
0.001505
0.001622
0.001655
0.001654
0.001455
0.001511
0.001480
0.001513
0.001442
0.001477
0.001457
