0.002007
0.001566
0.001359
0.001310
0.001716
0.001259
0.001461
0.001323
0.001351
0.001974
0.001323
0.002067
0.001313
0.001302
0.001270
0.001380
0.001634
0.001454
0.001425
0.001304
0.001354
0.001293
0.001532
0.001422
0.001346
0.001344
0.001355
0.001283
0.001365
0.001320
0.001366
0.001409
0.001343
0.001344
0.002035
0.001380
0.001446
0.001451
0.001271
0.001348
0.001428
0.001348
0.001337
0.001325
0.001286
0.001329
0.001506
0.001308
0.001292
0.001330
0.001331
0.001273
0.001390
0.001336
0.001775
0.001276
0.001303
0.001392
0.001377
0.001296
0.001360
0.001432
0.001326
0.001344
0.001381
0.001369
0.001349
0.001972
0.001389
0.001443
0.001378
0.001379
0.001261
0.001423
0.001345
0.001459
0.001262
0.001310
0.001303
0.001278
0.001336
0.001369
0.001385
0.001436
0.001335
0.001317
0.001896
0.001875
0.001772
0.001357
0.001492
0.001392
0.001503
0.001331
0.001972
0.001407
0.001334
0.001350
0.001338
0.001555
0.001958
0.001393
0.001287
0.001322
0.001405
0.001331
0.001288
0.001340
0.001273
0.001252
0.001303
0.001282
0.001327
0.001344
0.002037
0.001992
0.001319
0.001309
0.001287
0.001345
0.001532
0.001327
0.001311
0.001403
0.001467
0.001470
0.001594
0.001589
0.001354
0.001366
0.001247
0.000889
0.000859
0.000955
0.000695
0.000421
0.000409
0.000349
0.000280
0.000307
0.000344
0.000334
0.000310
0.000362
0.000282
0.000393
0.000293
0.000355
0.000314
0.000308
0.000310
0.000308
0.000320
0.000336
0.000272
0.000336
0.000356
0.000439
0.000449
0.000458
0.000354
0.000292
0.000353
0.000312
0.000408
0.000418
0.000438
0.000583
0.000739
0.000768
0.000738
0.001009
0.000947
0.000981
0.000910
0.000427
0.001331
0.001401
0.001218
0.001270
0.001338
0.001890
0.001368
0.001345
0.001664
0.001318
0.001300
0.001332
0.001284
0.001353
0.001561
0.001332
0.001360
0.001373
0.001280
0.001440
0.001423
0.001314
0.001343
0.002124
0.001656
0.001326
0.001565
0.001264
0.001706
0.001341
0.001428
0.001330
0.001486
0.001332
0.001413
0.001782
0.001705
0.001294
0.001357
0.001312
0.001550
0.001292
0.001322
0.001386
0.001333
0.001274
0.001435
0.001425
0.001584
0.001319
0.001254
0.001311
0.002040
0.002061
0.001314
0.002065
0.001277
0.001322
0.001253
0.001524
0.001370
0.001297
0.001311
0.001559
0.001394
0.001533
0.001277
0.001730
0.001280
0.001329
0.002014
0.002067
0.001337
0.001359
0.001330
0.001320
0.001270
0.001321
0.001333
0.001304
0.001461
0.001345
0.002006
0.001274
0.001435
0.001287
0.001273
0.001344
0.001382
0.002055
0.001329
0.001337
0.001590
0.001310
0.001978
0.001986
0.001273
0.001268
0.001351
0.001386
0.001302
0.001333
0.001338
0.001283
0.001314
0.001461
0.001731
0.001406
0.001553
0.001294
0.001427
0.001256
0.001433
0.001388
0.001299
0.001400
0.001383
0.001315
0.001360
0.001472
0.001641
0.001997
0.001511
0.001343
0.001421
0.001320
0.001479
0.001431
0.001458
0.001591
0.001259
0.001725
0.001296
0.001355
0.001319
0.001284
0.001619
0.001288
0.001331
0.001302
0.001763
0.001461
0.001725
0.001300
0.001340
0.001328
0.001928
0.001318
0.001491
0.001257
0.001411
0.001325
0.001411
0.001409
0.001499
0.001342
0.001342
0.001295
0.001965
0.001535
0.001287
0.001729
0.001596
0.001407
0.001284
0.001344
0.001282
0.001298
0.001666
0.001521
0.001353
0.001384
0.001285
0.001321
0.001265
0.001737
0.001298
0.001439
0.001392
0.001731
0.001262
0.001341
0.001419
0.001341
0.001482
0.001732
0.001324
0.001300
0.001596
0.001330
0.001323
0.001541
0.001524
0.001730
0.001298
0.001426
0.001266
0.001329
0.001259
0.001291
0.001384
0.001263
0.001328
0.001992
0.001485
0.001269
0.001534
0.001326
0.001450
0.001756
0.001330
0.002076
0.001411
0.001316
0.001287
0.001294
0.001328
0.001293
0.001356
0.001295
0.001314
0.001272
0.001538
0.001750
0.001735
0.001732
0.001274
0.001740
0.001335
0.001971
0.001937
0.001285
0.001511
0.001348
0.001262
0.001369
0.001446
0.001346
0.001489
0.001294
0.001432
0.001348
0.001351
0.001421
0.001285
0.001340
0.001979
0.002003
0.001346
0.001366
0.001275
0.001738
0.001458
0.001259
0.001276
0.001278
0.001272
0.001368
0.001328
0.001554
0.001423
0.001490
0.001447
0.001541
0.001332
0.001301
0.001327
0.002061
0.001303
0.001342
0.001464
0.001898
0.001956
0.001257
0.001495
0.001332
0.001577
0.001351
0.001300
0.001944
0.001433
0.001339
0.001732
0.001347
0.001288
0.001735
0.001981
0.001348
0.001318
0.001310
0.001502
0.001609
0.001742
0.001348
0.001390
0.001516
0.001310
0.001974
0.001950
0.001295
0.001357
0.001293
0.001251
0.001324
0.001355
0.001513
0.001282
0.001371
0.001346
0.001423
0.001276
0.001468
0.001283
0.001335
0.001339
0.001499
0.001286
0.001342
0.001374
0.001339
0.001345
0.001380
0.001742
0.001357
