0.001530
0.001462
0.001872
0.001390
0.001578
0.001446
0.001531
0.001466
0.001395
0.001544
0.001436
0.001455
0.001527
0.001445
0.001397
0.001610
0.001435
0.001607
0.001381
0.001397
0.001423
0.001405
0.001429
0.001392
0.001746
0.001644
0.001423
0.001421
0.001712
0.001469
0.001422
0.001614
0.001489
0.001475
0.001479
0.001486
0.001389
0.001409
0.001550
0.001433
0.001465
0.001462
0.001424
0.001541
0.001441
0.001486
0.001390
0.001409
0.001392
0.001511
0.001433
0.001461
0.001470
0.001533
0.002015
0.001446
0.001408
0.001497
0.001384
0.001798
0.001428
0.001570
0.001508
0.001449
0.001496
0.001493
0.001354
0.001443
0.001539
0.001525
0.001465
0.001417
0.001368
0.001469
0.001444
0.001474
0.001604
0.001454
0.001549
0.001470
0.001443
0.001459
0.001664
0.001609
0.001531
0.001390
0.001523
0.001441
0.001544
0.001669
0.001490
0.001430
0.001482
0.001391
0.001417
0.001722
0.001478
0.001450
0.001568
0.001864
0.001595
0.001453
0.001457
0.001508
0.001452
0.001475
0.001426
0.001521
0.001450
0.001637
0.001617
0.001490
0.001506
0.001574
0.001408
0.001498
0.001449
0.001523
0.001428
0.001938
0.001684
0.001754
0.001465
0.001566
0.001545
0.001406
0.001480
0.001418
0.001460
0.001411
0.001396
0.001455
0.001451
0.001546
0.001435
0.001331
0.001367
0.001477
0.001508
0.001427
0.001702
0.001517
0.001429
0.001435
0.001516
0.001406
0.001459
0.001753
0.001356
0.001376
0.001435
0.001351
0.001391
0.001456
0.001482
0.001465
0.001428
0.001500
0.001628
0.001429
0.001437
0.001486
0.001385
0.001809
0.001437
0.001424
0.001469
0.001434
0.001443
0.001411
0.001495
0.001460
0.001483
0.001658
0.001425
0.001536
0.001671
0.001423
0.001430
0.001439
0.001461
0.001410
0.001430
0.001422
0.001449
0.001378
0.001456
0.001480
0.001763
0.001408
0.001386
0.001460
0.001429
0.001387
0.001476
0.001447
0.001434
0.001418
0.001411
0.001470
0.001598
0.001532
0.001457
0.001421
0.001521
0.001446
0.001419
0.001427
0.001344
0.001522
0.001466
0.001406
0.001413
0.001410
0.001466
0.001426
0.001406
0.001439
0.001454
0.001539
0.001581
0.001458
0.001404
0.001491
0.001402
0.001404
0.001441
0.001415
0.001508
0.001473
0.001387
0.001422
0.001642
0.001504
0.001432
0.001539
0.001458
0.001411
0.001564
0.001432
0.001478
0.001536
0.001411
0.001394
0.001391
0.001510
0.001387
0.001405
0.001424
0.001375
0.001439
0.001367
0.001427
0.001464
0.001525
0.001501
0.001556
0.001514
0.001442
0.001442
0.001446
0.001460
0.001398
0.001380
0.001407
0.001321
0.001374
0.001445
0.001391
0.001530
0.001470
0.001515
0.001384
0.001569
0.001639
0.001468
0.001420
0.001416
0.001468
0.001420
0.001449
0.001625
0.001426
0.001544
0.001673
0.001850
0.001475
0.001450
0.001386
0.001406
0.001472
0.001607
0.001451
0.001579
0.001453
0.001448
0.001477
0.001392
0.001431
0.001416
0.001533
0.001392
0.001360
0.001446
0.001344
0.001621
0.001384
0.001459
0.001452
0.001589
0.001400
0.001654
0.001675
0.001425
0.001740
0.001428
0.001594
0.001594
0.001524
0.001501
0.001396
0.001753
0.001457
0.001586
0.001400
0.001466
0.001482
0.001497
0.001504
0.001438
0.001450
0.001609
0.001455
0.001659
0.001436
0.001511
0.001454
0.001416
0.001375
0.001385
0.001972
0.001400
0.001433
0.001403
0.001460
0.001352
0.001437
0.001599
0.001390
0.001405
0.001441
0.001408
0.001455
0.001505
0.001440
0.000691
0.001040
0.000651
0.000564
0.000675
0.000559
0.000824
0.001037
0.001418
0.001410
0.001373
0.001481
0.001429
0.001455
0.001453
0.001453
0.001510
0.001517
0.001427
0.001429
0.001467
0.001454
0.001557
0.001472
0.001474
0.001442
0.001389
0.001400
0.001457
0.001447
0.001644
0.001397
0.001427
0.001462
0.001447
0.001417
0.001388
0.001466
0.001385
0.001448
0.001445
0.001370
0.001332
0.001542
0.001548
0.000992
0.001116
0.000922
0.000962
0.001297
0.001316
0.001291
0.001272
0.001300
0.001224
0.001262
0.001273
0.001317
0.001271
0.001204
0.001379
0.001307
0.001284
0.001281
0.001227
0.001229
0.001296
0.001250
0.001239
0.001334
0.001322
0.001267
0.001235
0.001219
0.001421
0.001312
0.001298
0.001274
0.001321
0.001296
0.001233
0.001223
0.001295
0.001294
0.001267
0.001323
0.001359
0.001448
0.001260
0.001401
0.001307
0.001231
0.001294
0.001267
0.001281
0.001251
0.001243
0.001250
0.001247
0.001209
0.001241
0.001250
0.001313
0.001307
0.001352
0.001316
0.001311
0.001295
0.001225
0.001282
0.001239
0.001282
0.001321
0.001356
0.001223
0.001266
0.001277
0.001247
0.001357
0.001220
0.001425
0.001279
0.001384
0.001250
0.001239
0.001217
0.001231
0.001236
0.001291
0.001356
0.001291
0.001302
0.001703
0.001269
0.001219
0.001298
0.001305
0.001235
0.001242
0.001368
0.001300
0.001291
0.001452
0.001474
0.001448
