













































































0.001459
0.001397
0.001401
0.001526
0.001504
0.001639
0.001383
0.001431
0.001430
0.001452
0.001479
0.001452
0.001476
0.001450
0.001638
0.001608
0.001442
0.001388
0.001476
0.001492
0.001397
0.001422
0.001403
0.001480
0.001443
0.001474
0.001451
0.001440
0.001447
0.001459
0.001592
0.001457
0.001470
0.001605
0.001420
0.001711
0.001517
0.001448
0.001498
0.001468
0.001463
0.001616
0.001419
0.001490
0.001450
0.001713
0.002098
0.001494
0.001460
0.001448
0.001562
0.001433
0.001447
0.001448
0.001701
0.001511
0.001500
0.001473
0.001471
0.001465
0.001435
0.001452
0.001419
0.001435
0.001453
0.001507
0.001478
0.001435
0.001457
0.001428
0.001444
0.001470
0.001714
0.001437
0.001494
0.001452
0.001530
0.001495
0.001481
0.001527
0.001491
0.001415
0.001436
0.001729
0.001597
0.001540
0.001633
0.001572
0.001462
0.001402
0.001485
0.001430
0.001463
0.001441
0.001430
0.001442
0.001679
0.001439
0.001512
0.001386
0.001560
0.001485
0.001459
0.001478
0.001390
0.002082
0.001580
0.001499
0.001462
0.001702
0.001419
0.001660
0.001413
0.001680
0.001440
0.001503
0.001524
0.001535
0.001508
0.001466
0.001501
0.001483
0.001430
0.001420
0.001519
0.001436
0.001475
0.001475
0.001514
0.001413
0.001535
0.001418
0.001475
0.001439
0.001381
0.001571
0.001452
0.001664
0.001469
0.001776
0.001545
0.001702
0.001474
0.001472
0.001502
0.001547
0.001649
0.001502
0.001491
0.001431
0.001406
0.001638
0.001497
0.001491
0.001472
0.001422
0.001447
0.001463
0.001491
0.001436
0.001615
0.001506
0.001427
0.001420
0.001963
0.001420
0.001443
0.001490
0.001586
0.001451
0.001389
0.001437
0.001455
0.001483
0.001387
0.001466
0.001672
0.001461
0.001596
0.001425
0.001498
0.001621
0.001420
0.001418
0.001396
0.001462
0.001800
0.001488
0.001483
0.001416
0.001399
0.001433
0.001481
0.001464
0.001453
0.001476
0.001436
0.001473
0.001486
0.001571
0.001483
0.001715
0.001387
0.001649
0.001467
0.001754
0.001452
0.001516
0.001421
0.001589
0.001477
0.001436
0.001676
0.001545
0.001663
0.001485
0.001462
0.001423
0.001480
0.001899
0.001480
0.001504
0.001467
0.001578
0.001440
0.001397
0.001420
0.001478
0.001598
0.001429
0.001608
0.001478
0.001452
0.001591
0.001446
0.001456
0.001580
0.001443
0.001508
0.001447
0.001463
0.001397
0.001454
0.001592
0.001434
0.001398
0.001420
0.001428
0.001526
0.001486
0.001593
0.001441
0.001520
0.001491
0.001469
0.001648
0.001413
0.001427
0.001462
0.001424
0.001403
0.001459
0.001395
0.001591
0.001472
0.001444
0.001470
0.001461
0.001416
0.001482
0.001593
0.001435
0.001470
0.001457
0.001517
0.001458
0.001523
0.001608
0.001586
0.001434
0.001530
0.001540
0.001963
0.001771
0.001605
0.001583
0.001463
0.001418
0.001580
0.001457
0.001469
0.001657
0.001423
0.001446
0.001579
0.001448
0.001413
0.001481
0.001453
0.001418
0.001391
0.001408
0.001695
0.001595
0.001434
0.001494
0.001472
0.001588
0.001453
0.001444
0.001684
0.001495
0.001419
0.001474
0.001621
0.001504
0.001522
0.001426
0.001682
0.001492
0.001460
0.001473
0.001479
0.001394
0.001434
0.001455
0.001450
0.001629
0.001423
0.001712
0.001418
0.001659
0.001692
0.001394
0.001452
0.001493
0.001468
0.001412
0.001488
0.001603
0.001596
0.001446
0.001485
0.001403
0.001450
0.001423
0.001446
0.001409
0.001597
0.001489
0.001583
0.001930
0.001429
0.001462
0.001455
0.001468
0.001400
0.001491
0.001439
0.001522
0.001642
0.001434
0.001622
0.001421
0.001493
0.001468
0.001483
0.001584
0.001466
0.001468
0.001551
0.001496
0.001465
0.001461
0.001436
0.001469
0.001455
0.001451
0.001447
0.001635
0.001461
0.001535
0.001612
0.001579
0.001413
0.001494
0.001527
0.001548
0.001425
0.001480
0.001478
0.001717
0.001509
0.001545
0.001539
0.001457
0.001448
0.001568
0.001791
0.001384
0.001396
0.001441
0.001465
0.001761
0.001513
0.001509
0.001458
0.001441
0.001608
0.001450
0.001538
0.001552
0.001407
0.001467
0.001406
0.001422
0.001681
0.001412
0.001546
0.001487
0.001394
0.001657
0.001468
0.001464
0.001479
0.001380
0.001545
0.001478
0.001493
0.001987
0.001425
0.001393
0.001502
0.001637
0.001460
0.001741
0.001413
0.001646
0.001758
0.001420
0.001678
0.001502
0.001493
0.001477
0.001463
0.001579
0.001423
0.001403
0.001571
0.001612
0.001461
0.002101
0.001514
0.001394
0.001439
0.000995
0.000580
0.000678
0.001468
0.001495
0.001863
0.001594
0.001637
0.001397
0.001470
0.001615
0.001370
0.001545
0.001446
0.001711
0.001561
0.001054
0.001014
0.000925
0.000957
0.000958
0.001014
0.001008
0.001016
0.001016
0.000966
0.000945
0.001549
0.001445
0.001423
0.001435
0.001396
0.001505
0.001426
0.001751
0.001486
0.001410
0.001453
0.001487
0.001515
0.001476
0.001434
0.001473
0.001441
0.001405
