0.001822
0.001652
0.001818
0.001736
0.001958
0.001777
0.001842
0.002046
0.001800
0.001688
0.001830
0.001637
0.002190
0.001688
0.001827
0.001830
0.001840
0.001749
0.001690
0.001737
0.001777
0.001688
0.001645
0.001747
0.001684
0.001762
0.001780
0.001796
0.001722
0.001759
0.001766
0.001857
0.001860
0.001814
0.001676
0.001770
0.001936
0.001785
0.001643
0.001656
0.001738
0.001805
0.001780
0.001856
0.001701
0.001766
0.001684
0.001774
0.001785
0.002266
0.001733
0.001726
0.001669
0.001723
0.001739
0.002014
0.001754
0.001807
0.002054
0.001717
0.001776
0.001823
0.001772
0.001730
0.001759
0.001663
0.001730
0.001718
0.001700
0.001746
0.001720
0.001738
0.002027
0.001779
0.001674
0.001714
0.001715
0.001804
0.001786
0.001729
0.001765
0.001971
0.001697
0.001703
0.002024
0.001734
0.001678
0.001720
0.001860
0.001841
0.001733
0.001770
0.001819
0.002059
0.001742
0.001883
0.001702
0.001828
0.001633
0.001931
0.001845
0.001793
0.001872
0.001810
0.001812
0.001739
0.001690
0.001741
0.001731
0.001747
0.001731
0.001769
0.001728
0.001760
0.001737
0.001810
0.001768
0.001757
0.001987
0.001743
0.001605
0.001656
0.001868
0.001645
0.001653
0.002023
0.001680
0.001726
0.001744
0.001790
0.001881
0.001716
0.001848
0.001809
0.001779
0.001691
0.001725
0.001703
0.001780
0.001811
0.001671
0.001813
0.001830
0.001949
0.001692
0.001813
0.002043
0.001721
0.001753
0.001827
0.001746
0.001804
0.001768
0.001714
0.001719
0.001842
0.001981
0.001719
0.001677
0.001781
0.001742
0.001873
0.001723
0.001723
0.001972
0.001844
0.001996
0.001778
0.001956
0.001811
0.001735
0.001696
0.001667
0.001693
0.001759
0.001881
0.001729
0.001765
0.001756
0.001706
0.001766
0.001758
0.001762
0.001741
0.001683
0.001659
0.001773
0.001695
0.001702
0.001737
0.001888
0.001717
0.001740
0.001712
0.001749
0.001852
0.001717
0.001761
0.001790
0.001737
0.002069
0.001827
0.001800
0.001657
0.001712
0.001760
0.001751
0.001755
0.001789
0.001746
0.001891
0.001675
0.001788
0.001874
0.001968
0.001693
0.001765
0.001768
0.001769
0.001790
0.001697
0.001853
0.001870
0.001862
0.001716
0.001607
0.001803
0.001719
0.001968
0.001806
0.001777
0.001708
0.001904
0.001727
0.001722
0.001751
0.001654
0.001762
0.001794
0.001782
0.001793
0.001765
0.001788
0.001749
0.001702
0.001737
0.001762
0.001679
0.001657
0.001683
0.001790
0.001772
0.001726
0.001732
0.001746
0.001672
0.001735
0.001815
0.001715
0.001721
0.001895
0.001781
0.001692
0.001679
0.001663
0.001877
0.001750
0.001773
0.001806
0.001744
0.001691
0.001798
0.001773
0.001956
0.001693
0.001814
0.001759
0.001733
0.001694
0.001704
0.001660
0.001686
0.001731
0.001683
0.001709
0.001744
0.001894
0.001806
0.001890
0.001893
0.001720
0.001755
0.001757
0.001696
0.001708
0.001794
0.001780
0.001844
0.001707
0.001790
0.001766
0.001887
0.001133
0.001258
0.001124
0.001114
0.001245
0.001115
0.001193
0.001161
0.001061
0.001131
0.001139
0.001165
0.001103
0.001295
0.001177
0.001051
0.001082
0.001097
0.001062
0.001098
0.001145
0.001095
0.001208
0.001086
0.001550
0.001450
0.001785
0.001985
0.001791
0.001725
0.001758
0.001735
0.001840
0.001713
0.001849
0.001738
0.001708
0.001806
0.001845
0.001686
0.001746
0.001774
0.001737
0.001796
0.001759
0.001982
0.002019
0.001758
0.001740
0.001715
0.001755
0.001816
0.001790
0.001707
0.001747
0.001786
0.001683
0.001727
0.001736
0.001866
0.001883
0.001778
0.001782
0.001922
0.001819
0.001683
0.001911
0.001663
0.001605
0.001839
0.001749
0.001726
0.001745
0.001710
0.001853
0.001708
0.001797
0.001711
0.001755
0.001724
0.001637
0.001803
0.001842
0.001876
0.001748
0.001948
0.002031
0.001817
0.001756
0.001789
0.001801
0.001740
0.001749
0.001787
0.001702
0.001680
0.001781
0.001902
0.001757
0.001852
0.001726
0.001728
0.001787
0.001716
0.001862
0.001685
0.001774
0.001690
0.001639
0.001955
0.001742
0.001826
0.001721
0.001825
0.001905
0.001661
0.001820
0.001744
0.001754
0.001758
0.001689
0.001755
0.001721
0.001844
0.001707
0.001794
0.001802
0.001693
0.002036
0.002005
0.001809
0.001768
0.002070
0.001715
0.001732
0.001777
0.001767
0.001741
0.001790
0.001704
0.001666
0.002076
0.001744
0.001677
0.001809
0.001897
0.001793
0.001689
0.001779
0.002036
0.001852
0.001857
0.001736
0.001763
0.001695
0.001735
0.001683
0.001746
0.001790
0.001781
0.001712
0.001757
0.001824
0.001644
0.001756
0.001700
0.001765
0.001741
0.001751
0.001667
0.001832
0.001915
0.001687
0.001759
0.001701
0.001725
0.001629
0.001813
0.001683
0.001808
0.001794
0.001733
0.001682
0.001790
0.001820
0.001770
0.001682
0.001747
0.001718
0.001973
0.001915
0.001703
0.001868
0.001836
0.001748
0.001806
0.001767
0.001743
