0.001760
0.001796
0.001688
0.001736
0.001818
0.001864
0.001848
0.001784
0.001765
0.001758
0.001713
0.001936
0.001768
0.001692
0.001768
0.001940
0.001762
0.001761
0.001825
0.001946
0.001782
0.001767
0.001646
0.001766
0.001787
0.001752
0.001803
0.001902
0.001749
0.001796
0.001966
0.001691
0.001929
0.001709
0.002024
0.001781
0.001683
0.001906
0.001760
0.001782
0.001791
0.001804
0.001734
0.001715
0.001790
0.001804
0.001800
0.001845
0.001723
0.001990
0.001679
0.001832
0.001742
0.001671
0.001797
0.001842
0.001807
0.001756
0.001845
0.001851
0.001772
0.001691
0.001801
0.001914
0.001820
0.001813
0.001791
0.001991
0.001916
0.001695
0.001750
0.001772
0.001723
0.001668
0.001934
0.001904
0.001744
0.001747
0.001952
0.001816
0.001795
0.001827
0.001767
0.001770
0.001769
0.001761
0.001770
0.001735
0.001787
0.001781
0.001688
0.001830
0.001786
0.001813
0.001722
0.001789
0.001744
0.001752
0.002008
0.001747
0.001795
0.001770
0.001753
0.001772
0.001801
0.001661
0.001801
0.001704
0.001943
0.001679
0.001907
0.002069
0.002150
0.001766
0.001722
0.001890
0.001935
0.001811
0.001829
0.001754
0.001790
0.001754
0.001807
0.001659
0.001645
0.001835
0.001759
0.001848
0.001816
0.001853
0.001789
0.001786
0.001753
0.001881
0.001794
0.001789
0.001676
0.001798
0.001782
0.001739
0.001775
0.001924
0.001918
0.001721
0.001880
0.001694
0.001799
0.001750
0.001835
0.001831
0.001754
0.001734
0.001628
0.001784
0.001798
0.001727
0.001855
0.001737
0.001988
0.001777
0.001808
0.001855
0.001967
0.001783
0.001771
0.001837
0.001828
0.001762
0.001884
0.001772
0.001759
0.001813
0.001755
0.001782
0.001803
0.001705
0.001775
0.001833
0.002069
0.001918
0.002077
0.001757
0.001822
0.001876
0.002036
0.001778
0.001958
0.001836
0.001703
0.001730
0.001848
0.001764
0.001806
0.001987
0.001806
0.001860
0.001774
0.001829
0.001772
0.001811
0.001822
0.001710
0.001810
0.001840
0.001665
0.001756
0.001792
0.001687
0.001755
0.001775
0.001763
0.001753
0.001786
0.001718
0.001720
0.001714
0.001873
0.001734
0.001900
0.001846
0.001772
0.001794
0.001763
0.001755
0.001859
0.001843
0.001808
0.001695
0.001766
0.001712
0.001689
0.001673
0.001802
0.001762
0.001720
0.001696
0.001779
0.001838
0.001769
0.001807
0.001814
0.002015
0.001762
0.001854
0.001762
0.001731
0.001687
0.001771
0.001843
0.001724
0.001817
0.001741
0.001781
0.001750
0.001850
0.001785
0.001695
0.001845
0.001942
0.001762
0.001777
0.001787
0.001793
0.001853
0.001727
0.001742
0.001788
0.001931
0.001744
0.001703
0.001814
0.002035
0.001761
0.001873
0.001736
0.001840
0.001714
0.001874
0.001942
0.001730
0.001822
0.001816
0.002058
0.001734
0.001704
0.001816
0.001710
0.001836
0.001744
0.001805
0.001826
0.001750
0.001774
0.001753
0.001752
0.001720
0.001829
0.001738
0.001812
0.001754
0.001802
0.001826
0.001752
0.001701
0.001735
0.001793
0.001652
0.001733
0.001819
0.001726
0.001853
0.001836
0.001844
0.001763
0.001708
0.001868
0.001782
0.001853
0.001807
0.001677
0.001753
0.001790
0.002077
0.001658
0.001739
0.001840
0.001838
0.001790
0.001850
0.001648
0.001774
0.001858
0.001796
0.001809
0.001725
0.001777
0.001802
0.001904
0.001881
0.001773
0.001885
0.001785
0.001741
0.001943
0.001711
0.001753
0.001740
0.001773
0.001813
0.001983
0.001708
0.001765
0.001832
0.001845
0.002021
0.001758
0.002042
0.001780
0.002003
0.001655
0.002068
0.001768
0.001683
0.001768
0.001690
0.001754
0.001726
0.001683
0.001761
0.001767
0.001819
0.001907
0.001800
0.001746
0.001787
0.001812
0.001825
0.002018
0.001818
0.001777
0.001777
0.001696
0.001688
0.001684
0.001753
0.001751
0.001825
0.001627
0.001756
0.001841
0.001822
0.001759
0.001696
0.001784
0.001662
0.001680
0.001787
0.001850
0.001682
0.001672
0.001813
0.001767
0.001864
0.001754
0.001738
0.001721
0.001670
0.001795
0.001792
0.001689
0.001767
0.001787
0.001754
0.001706
0.001817
0.001796
0.001693
0.001820
0.001744
0.001790
0.001678
0.001750
0.001821
0.001764
0.001854
0.001810
0.001988
0.001770
0.001822
0.001821
0.001724
0.001804
0.001834
0.001765
0.001760
0.001841
0.001799
0.001731
0.001917
0.001842
0.001823
0.001786
0.001732
0.001741
0.001813
0.001754
0.001790
0.001810
0.001790
0.001677
0.001749
0.001840
0.001765
0.002181
0.001886
0.001984
0.001815
0.002076
0.001810
0.001826
0.001818
0.001738
0.001726
0.001774
0.002054
0.002085
0.001787
0.001824
0.001817
0.001947
0.001773
0.001773
0.001973
0.001788
0.001835
0.001701
0.001765
0.002136
0.001816
0.001880
0.001828
0.001734
0.001985
0.001827
0.001740
0.001876
0.001837
0.001765
0.001760
0.001898
0.001901
0.001843
0.001850
0.001753
0.001866
0.001743
0.001717
0.001689
0.001783
0.001758
