0.001889
0.001476
0.001581
0.001645
0.001675
0.001525
0.001498
0.001527
0.001466
0.001470
0.001536
0.001528
0.001525
0.001539
0.001442
0.001694
0.001494
0.001491
0.001452
0.001616
0.001463
0.001565
0.001528
0.001449
0.001534
0.001650
0.001521
0.001618
0.001505
0.001752
0.001476
0.001568
0.001510
0.001668
0.001538
0.001549
0.001547
0.001491
0.001471
0.001517
0.001637
0.001550
0.001650
0.001479
0.001452
0.001503
0.001514
0.001808
0.001601
0.001503
0.001617
0.001523
0.001506
0.001488
0.001485
0.001513
0.001594
0.001609
0.001560
0.001519
0.001591
0.001743
0.001545
0.001508
0.001571
0.001511
0.001527
0.001634
0.001518
0.001556
0.001464
0.001561
0.001692
0.001530
0.001506
0.001599
0.001549
0.001644
0.001612
0.001635
0.001508
0.001447
0.001566
0.001759
0.001526
0.001484
0.001586
0.001513
0.001465
0.001483
0.001532
0.001530
0.001479
0.001488
0.001585
0.001631
0.001471
0.001491
0.001577
0.001648
0.001608
0.001534
0.001508
0.001592
0.001496
0.001591
0.001533
0.001502
0.001517
0.001552
0.001506
0.001544
0.001579
0.001526
0.001511
0.001578
0.001522
0.001599
0.001591
0.001673
0.001575
0.001508
0.001528
0.001553
0.001588
0.001526
0.001510
0.001671
0.001643
0.001514
0.001474
0.001548
0.001538
0.001530
0.001491
0.001541
0.001533
0.001494
0.001480
0.001557
0.001527
0.001633
0.001763
0.001478
0.001485
0.001520
0.001483
0.001725
0.001505
0.001543
0.001480
0.001460
0.001501
0.001541
0.001465
0.001518
0.001474
0.001591
0.001555
0.001663
0.001630
0.001456
0.001494
0.001633
0.001519
0.001513
0.001478
0.001501
0.001553
0.001800
0.001508
0.001648
0.001501
0.001545
0.001517
0.001544
0.001504
0.001571
0.001493
0.001679
0.001582
0.001479
0.001459
0.001579
0.001471
0.001789
0.001601
0.001588
0.001531
0.001662
0.001498
0.001514
0.001604
0.001556
0.001592
0.001703
0.001449
0.001462
0.001522
0.001519
0.001553
0.001469
0.001476
0.001503
0.001603
0.001544
0.001589
0.001621
0.001634
0.001548
0.001496
0.001580
0.001572
0.001682
0.001504
0.001688
0.001516
0.001676
0.001589
0.001494
0.001458
0.001531
0.001513
0.001649
0.001673
0.001543
0.001566
0.001627
0.001681
0.001547
0.001536
0.001489
0.001488
0.001546
0.001479
0.001556
0.001465
0.001647
0.001516
0.001594
0.001563
0.001514
0.001512
0.001528
0.001576
0.001504
0.001538
0.001516
0.001527
0.001570
0.001580
0.001562
0.001497
0.001565
0.001660
0.001865
0.001616
0.001473
0.001571
0.001492
0.001636
0.001452
0.001407
0.001554
0.001570
0.001465
0.001569
0.001523
0.001538
0.001504
0.001555
0.001522
0.001505
0.001671
0.001500
0.001494
0.001564
0.001667
0.001520
0.001610
0.001490
0.001465
0.001437
0.001524
0.001683
0.001478
0.001653
0.001485
0.001526
0.001522
0.001451
0.001576
0.001483
0.001594
0.001654
0.001459
0.001489
0.001511
0.001481
0.001509
0.001531
0.001524
0.001526
0.001638
0.001667
0.001573
0.001462
0.001526
0.001823
0.001587
0.001622
0.001542
0.001501
0.001479
0.001596
0.001476
0.001622
0.001674
0.001760
0.001480
0.001516
0.001551
0.001544
0.001543
0.001514
0.001663
0.001603
0.001555
0.001491
0.001499
0.001793
0.001534
0.001811
0.001480
0.001600
0.001576
0.001499
0.001500
0.001575
0.001554
0.001572
0.001527
0.001553
0.001589
0.001529
0.001558
0.001579
0.001525
0.001701
0.001656
0.001536
0.001484
0.001536
0.001596
0.001600
0.001458
0.001527
0.001580
0.001473
0.001465
0.001481
0.001655
0.001673
0.001681
0.001570
0.001546
0.001555
0.001576
0.001615
0.001787
0.001563
0.001732
0.001606
0.001522
0.001525
0.001554
0.001483
0.001528
0.001520
0.001486
0.001526
0.001569
0.001656
0.001512
0.001561
0.001509
0.001514
0.001482
0.001550
0.001466
0.001609
0.001747
0.001574
0.001550
0.001543
0.001613
0.001487
0.001517
0.001552
0.001548
0.001582
0.001500
0.001496
0.001608
0.001566
0.001528
0.001511
0.001611
0.001592
0.001510
0.001528
0.001521
0.001537
0.001523
0.001628
0.001576
0.001515
0.001561
0.001587
0.001670
0.001731
0.001518
0.001657
0.001834
0.001482
0.001699
0.001457
0.001522
0.001508
0.001499
0.001633
0.001547
0.001521
0.001548
0.001494
0.001509
0.001565
0.001613
0.001601
0.001521
0.001495
0.001501
0.001724
0.001481
0.001472
0.001564
0.001546
0.001698
0.001602
0.001777
0.001540
0.001561
0.001640
0.001706
0.001582
0.001498
0.001502
0.001724
0.001694
0.001579
0.001558
0.001625
0.001588
0.001580
0.001622
0.001596
0.001534
0.001540
0.001487
0.001506
0.001473
0.001627
0.001566
0.001479
0.001595
0.001560
0.001507
0.001553
0.001498
0.001550
0.001687
0.001489
0.001552
0.001521
0.001650
0.001503
0.001539
0.001489
0.001515
0.001574
0.001638
0.001618
0.001588
0.001559
0.001690
0.001489
0.001646
0.001524
0.001525
0.001557
