0.001951
0.001908
0.002070
0.002041
0.002156
0.001975
0.001940
0.002050
0.002296
0.002044
0.001951
0.001918
0.002229
0.001959
0.002050
0.001909
0.002025
0.001910
0.001973
0.001868
0.001924
0.001909
0.001993
0.001931
0.001877
0.001945
0.001946
0.001957
0.002052
0.001950
0.002032
0.001947
0.001935
0.001925
0.001976
0.001943
0.001871
0.002043
0.001817
0.001840
0.001946
0.001955
0.001950
0.002026
0.002192
0.001881
0.002015
0.001870
0.001931
0.001935
0.001967
0.001948
0.002314
0.001907
0.002041
0.001894
0.002013
0.002553
0.001997
0.002024
0.002098
0.001921
0.001955
0.001922
0.001838
0.002092
0.001983
0.002137
0.001960
0.001941
0.002098
0.001899
0.001923
0.002704
0.002559
0.002074
0.001929
0.002652
0.001870
0.001888
0.001913
0.001960
0.001949
0.001924
0.001941
0.002580
0.001855
0.001905
0.001870
0.001964
0.002307
0.001928
0.001936
0.001884
0.002026
0.001916
0.001352
0.001454
0.001256
0.001264
0.002116
0.001778
0.002011
0.001933
0.002572
0.002021
0.001992
0.002302
0.001882
0.002052
0.001913
0.002008
0.002032
0.002577
0.002529
0.001992
0.001972
0.001822
0.002118
0.001890
0.001810
0.002173
0.001949
0.002050
0.001944
0.001930
0.001917
0.001910
0.001932
0.002689
0.002049
0.001935
0.002579
0.002250
0.002002
0.002141
0.002473
0.001880
0.001879
0.001926
0.001901
0.001972
0.001904
0.001893
0.002606
0.001928
0.001398
0.001208
0.001322
0.001224
0.001378
0.001235
0.001822
0.001940
0.001918
0.001957
0.002344
0.002022
0.002098
0.001973
0.001993
0.001952
0.001855
0.001921
0.001927
0.001865
0.002106
0.002571
0.001986
0.002657
0.001889
0.001975
0.001845
0.001919
0.002585
0.002027
0.002370
0.001852
0.001981
0.001949
0.002620
0.001849
0.002032
0.001928
0.001930
0.002061
0.001956
0.001948
0.001911
0.001897
0.001881
0.001999
0.001932
0.002144
0.001890
0.002067
0.001918
0.002286
0.002184
0.001895
0.001933
0.001950
0.001926
0.001949
0.001840
0.001940
0.001928
0.002323
0.001934
0.001819
0.001872
0.002565
0.001873
0.002004
0.001922
0.001942
0.001949
0.001891
0.002295
0.001900
0.001918
0.002590
0.002005
0.002469
0.001858
0.002297
0.001956
0.001953
0.001948
0.002385
0.001936
0.002566
0.002009
0.001858
0.001953
0.002515
0.001903
0.001860
0.001866
0.001848
0.001871
0.001958
0.001881
0.001913
0.001993
0.002303
0.001985
0.002009
0.001927
0.002052
0.002537
0.001913
0.002057
0.001935
0.002397
0.001921
0.001958
0.001973
0.001916
0.001981
0.002482
0.001922
0.002092
0.002578
0.002580
0.002160
0.001923
0.002189
0.001930
0.001982
0.002051
0.001867
0.002328
0.001921
0.001845
0.001938
0.002632
0.001897
0.001999
0.001938
0.001795
0.002445
0.002218
0.001903
0.001925
0.002617
0.002043
0.002050
0.001904
0.001941
0.001927
0.002038
0.001916
0.001918
0.001975
0.001935
0.001957
0.001901
0.001848
0.001937
0.002287
0.001869
0.002200
0.001925
0.002069
0.001957
0.002056
0.001929
0.001942
0.001859
0.002284
0.001894
0.002716
0.001938
0.002656
0.001848
0.001863
0.001861
0.001834
0.002575
0.002684
0.001949
0.001986
0.001915
0.001865
0.002682
0.002328
0.001940
0.002021
0.002163
0.001833
0.001918
0.001940
0.001920
0.001848
0.002048
0.001984
0.001952
0.001862
0.001822
0.001850
0.001845
0.001940
0.001843
0.002012
0.002076
0.001867
0.002020
0.001906
0.001940
0.001845
0.001989
0.002568
0.001935
0.002295
0.002574
0.001973
0.002028
0.002070
0.001934
0.002060
0.002034
0.001955
0.001974
0.001924
0.001971
0.002546
0.002111
0.001984
0.001850
0.002637
0.001918
0.001960
0.002495
0.002070
0.001958
0.001908
0.001972
0.001874
0.001873
0.002178
0.002033
0.001923
0.002029
0.001948
0.002690
0.001928
0.001896
0.002180
0.002337
0.002170
0.001912
0.001947
0.002043
0.002076
0.001935
0.001994
0.001941
0.002307
0.002608
0.001858
0.002043
0.002025
0.002029
0.001978
0.002026
0.002559
0.001911
0.001933
0.001941
0.001953
0.001973
0.001981
0.002213
0.001955
0.001889
0.002586
0.002036
0.001922
0.001956
0.002598
0.001975
0.001933
0.001889
0.001982
0.001869
0.002049
0.002044
0.002019
0.001853
0.002012
0.002614
0.001890
0.001830
0.001966
0.002121
0.001994
0.002199
0.002546
0.001983
0.001892
0.002573
0.002487
0.001844
0.002583
0.002063
0.002089
0.002587
0.002555
0.002574
0.002695
0.001943
0.001934
0.001926
0.001861
0.001933
0.002596
0.001925
0.001961
0.002580
0.002091
0.002029
0.001908
0.001991
0.001913
0.002003
0.001862
0.001946
0.002017
0.001995
0.002071
0.001940
0.001918
0.002127
0.001905
0.001944
0.002362
0.002250
0.001869
0.002679
0.002590
0.001889
0.001975
0.001885
0.002569
0.002039
0.001868
0.001886
0.002396
0.002106
0.001840
0.001909
0.002062
0.001941
0.001964
0.001945
0.001867
0.002068
0.001888
0.002089
