0.002522
0.002523
0.002571
0.002508
0.002402
0.002458
0.002460
0.002515
0.002563
0.002447
0.002409
0.002541
0.002581
0.002443
0.002802
0.002550
0.002541
0.002644
0.002571
0.002467
0.002602
0.002438
0.002428
0.002538
0.002585
0.002488
0.002497
0.002457
0.002491
0.002472
0.002738
0.002433
0.002495
0.002448
0.002448
0.002504
0.002439
0.002465
0.002465
0.002506
0.002438
0.002629
0.002482
0.002484
0.002399
0.002539
0.002585
0.002532
0.002573
0.002585
0.002629
0.002633
0.002514
0.002442
0.002460
0.002590
0.002657
0.002444
0.002429
0.002600
0.002561
0.002478
0.002456
0.002530
0.002456
0.002490
0.002484
0.002496
0.002441
0.002468
0.002500
0.002550
0.002456
0.002579
0.002392
0.002474
0.002377
0.002444
0.002583
0.002525
0.002483
0.002527
0.002603
0.002539
0.002452
0.002655
0.002585
0.002460
0.002543
0.002427
0.002606
0.002626
0.002461
0.002798
0.002599
0.002508
0.002563
0.002485
0.002549
0.002489
0.002430
0.002693
0.002488
0.002468
0.002442
0.002529
0.002396
0.002537
0.002453
0.002590
0.002513
0.002474
0.002542
0.002433
0.002449
0.002553
0.002458
0.002394
0.002445
0.002471
0.002497
0.002597
0.002517
0.002626
0.002410
0.002600
0.002596
0.002639
0.002441
0.002433
0.002704
0.002557
0.002454
0.002463
0.002449
0.002454
0.002436
0.002534
0.002534
0.002540
0.002464
0.002466
0.002581
0.002388
0.002428
0.002421
0.002458
0.002438
0.002499
0.002602
0.002417
0.002395
0.002424
0.002461
0.002458
0.002501
0.002441
0.002445
0.002461
0.002511
0.002513
0.002508
0.002525
0.002440
0.002859
0.002528
0.002566
0.002449
0.002470
0.002469
0.002447
0.002457
0.002474
0.002587
0.002605
0.002508
0.002584
0.002633
0.002478
0.002682
0.002555
0.002425
0.002496
0.002583
0.002513
0.002550
0.002967
0.002997
0.002422
0.002494
0.002477
0.002431
0.002402
0.002481
0.002503
0.002461
0.002413
0.002459
0.002520
0.002415
0.002498
0.002425
0.002522
0.002458
0.002489
0.002482
0.002487
0.002471
0.002448
0.002462
0.002493
0.002499
0.002438
0.002548
0.002548
0.002494
0.002441
0.002809
0.002478
0.002490
0.002568
0.002477
0.002590
0.002712
0.002540
0.002529
0.002453
0.002454
0.002489
0.002598
0.002486
0.002712
0.002494
0.002493
0.002447
0.002364
0.002505
0.002571
0.002638
0.002953
0.002545
0.002485
0.002494
0.002404
0.002424
0.002513
0.002507
0.002457
0.002509
0.002757
0.002593
0.002509
0.002489
0.002502
0.002677
0.002597
0.002479
0.002460
0.002493
0.002480
0.002519
0.002479
0.002459
0.002554
0.002465
0.002575
0.002511
0.002479
0.002542
0.002736
0.002579
0.002565
0.002411
0.002484
0.002742
0.002554
0.002625
0.002605
0.002490
0.002460
0.002765
0.002379
0.002500
0.002520
0.002386
0.002509
0.002511
0.002439
0.002429
0.002459
0.002495
0.002573
0.002623
0.002437
0.002581
0.002574
0.002528
0.002450
0.002433
0.002569
0.002608
0.002527
0.002610
0.002500
0.002586
0.002635
0.002508
0.002531
0.002560
0.002485
0.002555
0.002439
0.002478
0.002540
0.002806
0.002782
0.002470
0.002450
0.002473
0.002435
0.002468
0.002535
0.002445
0.002413
0.002460
0.002844
0.002387
0.002506
0.002378
0.002470
0.002655
0.002654
0.002394
0.002752
0.002730
0.002444
0.002453
0.002629
0.002462
0.002620
0.002393
0.002463
0.002512
0.002462
0.002589
0.002483
0.002449
0.002498
0.002391
0.002456
0.002451
0.002687
0.002696
0.002458
0.002468
0.002478
0.002461
0.002403
0.002555
0.002578
0.002395
0.002652
0.002754
0.002568
0.002671
0.002485
0.002589
0.002393
0.002434
0.002510
0.002499
0.002607
0.002458
0.002529
0.002619
0.002579
0.002516
0.002457
0.002485
0.002614
0.002645
0.002628
0.002727
0.002566
0.002567
0.002446
0.002649
0.002490
0.002525
0.002509
0.002538
0.002507
0.002658
0.002600
0.002436
0.002590
0.002554
0.002618
0.002622
0.002463
0.002496
0.002752
0.002667
0.002633
0.002692
0.002614
0.002472
0.002585
0.002621
0.002591
0.002467
0.002425
0.002496
0.002603
0.002465
0.002600
0.002475
0.002379
0.002448
0.002585
0.002531
0.002652
0.002560
0.002432
0.002504
0.002604
0.002526
0.002529
0.002548
0.002424
0.002447
0.002527
0.002496
0.002329
0.002943
0.002609
0.002539
0.002596
0.002631
0.002460
0.002648
0.002670
0.002441
0.002405
0.002590
0.002464
0.002488
0.002467
0.002751
0.002622
0.002414
0.002581
0.002446
0.002509
0.002307
0.001700
0.001698
0.001198
0.001102
0.000859
0.000806
0.000757
0.000877
0.000764
0.000690
0.000672
0.000748
0.000778
0.000717
0.000728
0.000720
0.000786
0.000882
0.000905
0.000964
0.000927
0.002570
0.002617
0.002830
0.002450
0.002425
0.002403
0.002515
0.002441
0.002489
0.002538
0.002451
0.002532
0.002608
0.002547
0.002412
0.002453
0.002529
0.002454
0.002914
0.002483
0.002553
0.002479
0.002435
0.002525
