0.002979
0.002738
0.002711
0.002810
0.002685
0.002753
0.002661
0.002801
0.002689
0.002690
0.002707
0.002568
0.002705
0.002743
0.002799
0.002673
0.002669
0.002763
0.002704
0.002850
0.002737
0.002698
0.002732
0.002720
0.002754
0.002708
0.002733
0.002941
0.002695
0.002712
0.002662
0.002894
0.002867
0.002762
0.002843
0.002917
0.002634
0.002673
0.002747
0.002788
0.002758
0.002734
0.002692
0.002713
0.002836
0.002746
0.002746
0.002753
0.002995
0.002724
0.002757
0.002727
0.002707
0.002820
0.002688
0.002664
0.002690
0.002714
0.002752
0.002748
0.002721
0.002715
0.002671
0.002927
0.002830
0.002656
0.002988
0.002625
0.002632
0.002754
0.002679
0.002557
0.002737
0.002592
0.002697
0.002872
0.002869
0.002738
0.002621
0.002590
0.002781
0.002791
0.002961
0.002809
0.002590
0.002702
0.002737
0.002768
0.002753
0.002751
0.002751
0.002864
0.002746
0.002755
0.002798
0.002736
0.002718
0.002775
0.002852
0.002814
0.002673
0.002712
0.002707
0.002693
0.002966
0.002772
0.002683
0.002638
0.002853
0.002704
0.002923
0.002719
0.002607
0.002724
0.002871
0.002903
0.002747
0.002614
0.002760
0.002676
0.002747
0.002642
0.002640
0.002974
0.002743
0.002832
0.002796
0.002661
0.002878
0.002725
0.002750
0.002758
0.002687
0.002737
0.002747
0.002708
0.002711
0.002784
0.002776
0.002793
0.002713
0.002704
0.002752
0.002745
0.002914
0.002703
0.002924
0.002743
0.002640
0.002640
0.002744
0.002634
0.002666
0.002676
0.002684
0.002628
0.002779
0.002687
0.002817
0.002689
0.002724
0.002737
0.002724
0.002781
0.002785
0.002710
0.002686
0.002662
0.002819
0.002878
0.001421
0.001042
0.001075
0.001061
0.001092
0.001094
0.001072
0.001470
0.001825
0.001946
0.002792
0.002692
0.002701
0.002800
0.002839
0.002644
0.002726
0.002751
0.002766
0.002713
0.002688
0.002621
0.002705
0.002711
0.003007
0.002742
0.002770
0.002725
0.002806
0.002951
0.002694
0.002709
0.002666
0.002798
0.002806
0.002816
0.002722
0.002752
0.002848
0.002753
0.002746
0.002822
0.002563
0.002975
0.002857
0.002778
0.002806
0.002775
0.002924
0.002824
0.002633
0.002751
0.002679
0.002775
0.002703
0.002935
0.002653
0.002698
0.002988
0.002769
0.002777
0.003102
0.003022
0.003037
0.002783
0.002779
0.002828
0.002719
0.002672
0.002807
0.002786
0.002940
0.002803
0.002696
0.002689
0.002701
0.003022
0.002724
0.002724
0.002684
0.002773
0.002753
0.002745
0.002745
0.002681
0.002650
0.002700
0.002673
0.002720
0.002746
0.002865
0.002714
0.002740
0.002724
0.002856
0.002732
0.002738
0.002798
0.003075
0.002701
0.002737
0.002750
0.002955
0.002718
0.002804
0.002732
0.002705
0.002628
0.002703
0.002712
0.002875
0.002749
0.002671
0.002797
0.002886
0.002758
0.002770
0.002729
0.002703
0.002699
0.002718
0.002730
0.002998
0.002703
0.002735
0.002708
0.002758
0.002643
0.002739
0.002709
0.002958
0.002723
0.002662
0.002641
0.002875
0.002873
0.002811
0.002709
0.003131
0.002940
0.002056
0.001480
0.001080
0.000820
0.000696
0.000629
0.000615
0.000673
0.000696
0.000811
0.000800
0.000728
0.000582
0.000821
0.001435
0.000627
0.000783
0.000683
0.000744
0.000607
0.000613
0.000769
0.000670
0.000698
0.000612
0.000686
0.000735
0.000608
0.000753
0.000755
0.000729
0.000940
0.001196
0.001317
0.001707
0.001575
0.002689
0.002684
0.002800
0.002795
0.002692
0.002755
0.002759
0.002782
0.002757
0.002802
0.002718
0.002671
0.002732
0.002674
0.002704
0.002944
0.002820
0.002768
0.002745
0.002648
0.002783
0.002800
0.002752
0.002672
0.002714
0.003038
0.002775
0.002750
0.002917
0.002616
0.002687
0.003145
0.002768
0.002718
0.002753
0.002747
0.002698
0.002718
0.002633
0.002700
0.002697
0.002654
0.002694
0.002673
0.002875
0.002707
0.002778
0.002720
0.002730
0.002660
0.002740
0.002738
0.002753
0.002709
0.002769
0.002724
0.002841
0.002671
0.002759
0.002878
0.002735
0.002663
0.002698
0.002699
0.002834
0.002889
0.002686
0.002751
0.002677
0.002710
0.002895
0.002765
0.002682
0.002804
0.002682
0.002696
0.002920
0.002771
0.002757
0.002737
0.002708
0.002703
0.002899
0.002669
0.002916
0.002738
0.002767
0.002617
0.002690
0.002821
0.002695
0.002933
0.002686
0.002634
0.002707
0.002814
0.002860
0.002763
0.003015
0.002713
0.002882
0.002693
0.003046
0.002961
0.002632
0.002744
0.002652
0.002717
0.002676
0.002709
0.002696
0.002781
0.002976
0.002741
0.002678
0.002913
0.002610
0.003109
0.002731
0.002726
0.002699
0.002682
0.002927
0.002717
0.002677
0.002760
0.002717
0.002660
0.002849
0.002739
0.002712
0.002959
0.002713
0.002783
0.002733
0.002879
0.002732
0.002808
0.002760
0.002689
0.002700
0.002801
0.002923
0.002663
0.002634
0.002737
0.002719
0.002717
0.002690
0.002657
0.002795
0.002692
0.002712
0.002729
