0.002232
0.002288
0.002328
0.002294
0.002400
0.002437
0.002537
0.002216
0.002423
0.002501
0.002501
0.002274
0.002502
0.002709
0.002282
0.002392
0.002265
0.002281
0.002542
0.002510
0.002338
0.002236
0.002250
0.002659
0.002224
0.002289
0.002299
0.002471
0.002315
0.002429
0.002589
0.002425
0.002409
0.002288
0.002345
0.002865
0.002264
0.002295
0.002259
0.002243
0.002283
0.002216
0.002249
0.002307
0.002194
0.002526
0.002273
0.002428
0.002257
0.002374
0.002287
0.002253
0.002318
0.002540
0.002516
0.002233
0.002302
0.002370
0.002550
0.002414
0.002260
0.002267
0.002256
0.002285
0.002377
0.002607
0.002350
0.002175
0.002222
0.002362
0.002526
0.002350
0.002229
0.002908
0.002208
0.002517
0.002250
0.002519
0.002229
0.002356
0.002480
0.002274
0.002276
0.002985
0.002234
0.002260
0.002417
0.002324
0.002334
0.002258
0.002459
0.002323
0.002577
0.002436
0.002427
0.002539
0.002212
0.002190
0.002276
0.002244
0.002307
0.002270
0.002198
0.002449
0.002499
0.002383
0.002324
0.002247
0.002497
0.002238
0.002519
0.002607
0.002345
0.002268
0.002251
0.002257
0.002212
0.002566
0.002293
0.002234
0.002465
0.002496
0.002279
0.002554
0.002646
0.002621
0.002521
0.002665
0.002472
0.002478
0.002412
0.002257
0.002537
0.002462
0.002412
0.002590
0.002563
0.002417
0.002231
0.002768
0.002519
0.002412
0.002414
0.002533
0.002669
0.002409
0.002411
0.002534
0.002257
0.002397
0.002243
0.002589
0.002289
0.002321
0.002255
0.002482
0.002759
0.002370
0.002204
0.002249
0.002255
0.002275
0.002278
0.002290
0.002229
0.002246
0.002210
0.002472
0.002308
0.002219
0.002217
0.002316
0.002289
0.002459
0.002463
0.002260
0.002693
0.002376
0.002369
0.002239
0.002270
0.002409
0.002269
0.002307
0.002821
0.002464
0.002623
0.002541
0.002243
0.002213
0.002468
0.002266
0.002481
0.002641
0.002743
0.002606
0.002268
0.002228
0.002446
0.002241
0.002246
0.002242
0.002235
0.002265
0.002294
0.002217
0.002335
0.002548
0.002475
0.002653
0.002217
0.002272
0.002231
0.002214
0.002242
0.002448
0.002387
0.002528
0.002579
0.002212
0.002369
0.002657
0.002266
0.002385
0.002675
0.002445
0.002520
0.002500
0.002439
0.002668
0.002668
0.002487
0.002470
0.002518
0.002237
0.002924
0.002674
0.002252
0.002254
0.002501
0.002509
0.002230
0.002253
0.002534
0.002299
0.002235
0.002460
0.002494
0.002452
0.002459
0.002447
0.002505
0.002702
0.002603
0.002532
0.002455
0.002631
0.002546
0.002399
0.002222
0.002592
0.002578
0.002788
0.002272
0.002225
0.002336
0.002244
0.002227
0.002222
0.002226
0.002236
0.002261
0.002195
0.002284
0.002469
0.002568
0.002217
0.002692
0.002215
0.002240
0.002219
0.002241
0.002460
0.002293
0.002416
0.002360
0.002233
0.002428
0.002424
0.002518
0.002567
0.002268
0.002241
0.002216
0.002397
0.002420
0.002284
0.002658
0.002670
0.002289
0.002209
0.002383
0.002248
0.002290
0.002417
0.002336
0.002528
0.002260
0.002439
0.002235
0.002264
0.002418
0.002282
0.002571
0.002410
0.002616
0.002362
0.002458
0.002357
0.002661
0.002392
0.002426
0.002258
0.002429
0.002290
0.002274
0.002238
0.002236
0.002287
0.002453
0.002515
0.002219
0.002455
0.002494
0.002249
0.002581
0.002233
0.002254
0.002487
0.002326
0.002314
0.002381
0.002384
0.002293
0.002309
0.002291
0.002508
0.002643
0.002520
0.002368
0.002506
0.002298
0.002400
0.002253
0.002486
0.002351
0.002281
0.002608
0.002485
0.002542
0.002544
0.002409
0.002348
0.002226
0.002285
0.002241
0.002216
0.002249
0.002264
0.002441
0.002258
0.002331
0.002270
0.002271
0.002232
0.002245
0.002225
0.002255
0.002255
0.002300
0.002259
0.002248
0.002234
0.002249
0.002344
0.002531
0.002274
0.002343
0.002336
0.002277
0.002732
0.002482
0.002645
0.002519
0.002655
0.002513
0.002294
0.002293
0.002534
0.002261
0.002475
0.002513
0.002626
0.002575
0.002701
0.002433
0.002415
0.002262
0.002401
0.002299
0.002525
0.002777
0.002245
0.002243
0.002228
0.002242
0.002280
0.002494
0.002562
0.002790
0.002698
0.002241
0.002219
0.002206
0.002409
0.002394
0.002731
0.002373
0.002427
0.002660
0.002271
0.002378
0.002228
0.002389
0.002233
0.002260
0.002264
0.002278
0.002218
0.002420
0.002370
0.002600
0.002504
0.002228
0.002257
0.002748
0.002887
0.002824
0.002154
0.002261
0.002271
0.002502
0.002262
0.002265
0.002544
0.002271
0.002582
0.002542
0.002240
0.002251
0.002478
0.002642
0.002246
0.002282
0.002262
0.002283
0.002262
0.002627
0.002855
0.002291
0.002228
0.002253
0.002311
0.002449
0.002585
0.002471
0.002273
0.001678
0.001716
0.001515
0.001806
0.001704
0.001568
0.001559
0.001738
0.001489
0.001535
0.002216
0.002160
0.002141
0.002236
0.002257
0.002185
0.002439
0.003010
0.002631
0.002265
0.002501
0.002386
0.002301
