0.002548
0.002539
0.002512
0.002718
0.002600
0.002668
0.002639
0.002523
0.002533
0.002652
0.002820
0.002537
0.002508
0.002567
0.002705
0.002590
0.002551
0.002671
0.002660
0.002922
0.002576
0.002618
0.002509
0.002653
0.002592
0.002468
0.002635
0.002557
0.002561
0.002581
0.002554
0.002521
0.002662
0.002536
0.002521
0.002474
0.002586
0.002523
0.002571
0.002678
0.002652
0.002787
0.002691
0.002685
0.002673
0.002631
0.002615
0.002634
0.002642
0.002716
0.002675
0.002585
0.002689
0.002733
0.002860
0.002574
0.002568
0.002567
0.002538
0.002591
0.002644
0.002477
0.002619
0.002493
0.002776
0.002596
0.002620
0.002580
0.002683
0.002686
0.002674
0.002521
0.002576
0.002589
0.002611
0.002497
0.002613
0.002594
0.002677
0.002623
0.002681
0.002495
0.002683
0.002534
0.002529
0.002395
0.002569
0.002432
0.002570
0.002796
0.002626
0.002628
0.002587
0.002384
0.002696
0.002637
0.002643
0.002707
0.002758
0.002571
0.002905
0.002617
0.002686
0.002561
0.002841
0.002734
0.002711
0.002646
0.002701
0.002645
0.002685
0.002719
0.002531
0.002644
0.002644
0.002535
0.002460
0.002478
0.002542
0.002673
0.002670
0.002716
0.002555
0.002706
0.002604
0.002614
0.002782
0.002575
0.002740
0.002564
0.002551
0.002682
0.002752
0.002590
0.002649
0.002569
0.002696
0.002502
0.002664
0.002457
0.002719
0.002461
0.002604
0.002814
0.002447
0.002636
0.002744
0.002799
0.002705
0.002576
0.002550
0.002696
0.002675
0.002710
0.002648
0.002809
0.002682
0.002731
0.002567
0.002754
0.002553
0.002803
0.002710
0.002692
0.002626
0.002671
0.002796
0.002725
0.002512
0.002756
0.002621
0.002691
0.002724
0.002523
0.002609
0.002554
0.002497
0.002642
0.002577
0.002682
0.002611
0.002454
0.002892
0.002662
0.002574
0.002620
0.002635
0.002777
0.002536
0.002656
0.002558
0.002572
0.002695
0.002712
0.002730
0.002684
0.002785
0.002651
0.002519
0.002627
0.002656
0.002819
0.002734
0.002600
0.002587
0.002702
0.002878
0.002702
0.002869
0.002699
0.002537
0.002645
0.002526
0.002636
0.002831
0.002427
0.002728
0.002539
0.002608
0.002647
0.002658
0.002618
0.002626
0.002714
0.002452
0.002614
0.002618
0.002653
0.002513
0.002631
0.002407
0.002611
0.002784
0.002751
0.002623
0.002676
0.002549
0.002685
0.002675
0.002682
0.002983
0.002626
0.002817
0.002613
0.002707
0.002589
0.002573
0.002591
0.002569
0.002909
0.002631
0.002684
0.002672
0.002723
0.002741
0.002656
0.002822
0.002547
0.002728
0.002660
0.002564
0.002819
0.002554
0.002696
0.002670
0.002558
0.002772
0.002667
0.002534
0.002549
0.002448
0.002611
0.002897
0.002719
0.002564
0.002580
0.002732
0.002596
0.002485
0.002914
0.002607
0.002615
0.002498
0.002580
0.002760
0.002647
0.002522
0.002682
0.002721
0.002523
0.002794
0.002557
0.002661
0.002639
0.002570
0.002500
0.002541
0.002554
0.002484
0.002636
0.002455
0.002752
0.002439
0.002727
0.002675
0.002522
0.002892
0.002533
0.002517
0.002623
0.002565
0.002752
0.002503
0.001873
0.001248
0.000772
0.000703
0.000609
0.000695
0.000724
0.000657
0.000658
0.000689
0.000766
0.000638
0.000774
0.000854
0.000889
0.001164
0.001499
0.001902
0.002774
0.002746
0.002606
0.002572
0.002581
0.002629
0.002703
0.002900
0.002548
0.002620
0.002761
0.002664
0.002703
0.002663
0.002910
0.002662
0.002520
0.002671
0.002579
0.002597
0.002638
0.002568
0.002587
0.002547
0.002565
0.002595
0.002721
0.002710
0.003005
0.002688
0.002689
0.002550
0.002873
0.002787
0.002783
0.002576
0.002650
0.002698
0.002483
0.002655
0.002939
0.002530
0.002703
0.002507
0.002559
0.002626
0.002585
0.002647
0.002589
0.002479
0.002514
0.002962
0.002857
0.002601
0.002554
0.002653
0.002658
0.002555
0.002744
0.002587
0.002602
0.002764
0.002708
0.002566
0.002510
0.002738
0.002588
0.002668
0.002634
0.002682
0.002624
0.002621
0.002542
0.002822
0.002612
0.002638
0.002622
0.002572
0.002585
0.002626
0.002546
0.002496
0.002690
0.002690
0.002937
0.002488
0.002634
0.002651
0.002550
0.002574
0.002599
0.002621
0.002738
0.002685
0.002706
0.002769
0.002617
0.002906
0.002595
0.002577
0.002625
0.002519
0.002495
0.002647
0.002569
0.002571
0.002620
0.002609
0.002744
0.002694
0.002469
0.002716
0.002594
0.002740
0.002567
0.002725
0.002779
0.002628
0.002734
0.002496
0.002544
0.002554
0.002525
0.002610
0.002587
0.002645
0.002640
0.002650
0.002692
0.002694
0.002963
0.002646
0.002688
0.002505
0.002584
0.002560
0.002763
0.002723
0.002640
0.002564
0.002668
0.002799
0.002556
0.002615
0.002722
0.002657
0.002816
0.002532
0.002642
0.002532
0.002881
0.002674
0.002768
0.002620
0.002650
0.002610
0.002558
0.002630
0.002417
0.002489
0.002638
0.002446
0.002459
0.002533
0.002544
0.002543
0.002597
0.002672
0.002531
