0.000784
0.000741
0.000775
0.000791
0.000763
0.001115
0.000742
0.000763
0.000764
0.000779
0.000782
0.000803
0.000869
0.001675
0.000764
0.001506
0.000739
0.000762
0.000766
0.000776
0.000835
0.000808
0.000804
0.000763
0.000782
0.000729
0.000893
0.000752
0.000753
0.000726
0.000756
0.000849
0.000756
0.000730
0.000806
0.000728
0.000831
0.000999
0.000760
0.000764
0.000840
0.000813
0.000862
0.000807
0.000797
0.000833
0.000917
0.000869
0.000767
0.000769
0.000758
0.000820
0.000785
0.000733
0.000809
0.000793
0.000821
0.000758
0.000781
0.000774
0.000821
0.000834
0.000762
0.000851
0.000993
0.000818
0.000816
0.000805
0.000851
0.000788
0.000414
0.000440
0.000389
0.000387
0.000409
0.000414
0.000407
0.000425
0.000444
0.000377
0.000861
0.000791
0.000920
0.000819
0.000787
0.000788
0.000850
0.000878
0.000748
0.000945
0.000850
0.000804
0.000838
0.000976
0.000935
0.000539
0.000335
0.000924
0.000183
0.000181
0.000248
0.000884
0.000194
0.000232
0.000261
0.000211
0.000215
0.000187
0.000196
0.000208
0.000229
0.000263
0.000227
0.000204
0.000230
0.000261
0.000225
0.000208
0.000198
0.000189
0.000216
0.000196
0.000185
0.000182
0.000285
0.000224
0.000232
0.000223
0.000212
0.000187
0.000261
0.000261
0.000189
0.000215
0.000200
0.000203
0.000231
0.000187
0.000279
0.000186
0.000190
0.000262
0.000262
0.000796
0.000196
0.000203
0.000184
0.000807
0.000283
0.000204
0.000206
0.000188
0.000189
0.000225
0.000179
0.000192
0.000169
0.000266
0.000174
0.000228
0.000177
0.000175
0.000209
0.000182
0.000201
0.000178
0.000205
0.000177
0.000226
0.000241
0.000214
0.000235
0.000263
0.000258
0.000200
0.000221
0.000200
0.000269
0.000184
0.000193
0.000262
0.000177
0.000197
0.000166
0.000184
0.000185
0.000793
0.000168
0.000282
0.000171
0.000173
0.000187
0.000172
0.000223
0.000187
0.000831
0.000202
0.000212
0.000220
0.000182
0.000725
0.000188
0.000170
0.000268
0.000211
0.000267
0.000185
0.000265
0.000208
0.000177
0.000167
0.000799
0.000219
0.000189
0.000283
0.000175
0.000190
0.000808
0.000833
0.000818
0.000393
0.000369
0.000267
0.000248
0.000195
0.000186
0.000202
0.000233
0.000188
0.000205
0.000295
0.000289
0.000178
0.000170
0.001007
0.000859
0.000818
0.000602
0.000424
0.000404
0.000894
0.000795
0.000774
0.000843
0.000794
0.000818
0.000935
0.000820
0.000600
0.000420
0.000352
0.000428
0.000600
0.000477
0.000313
0.000902
0.000833
0.000822
0.000848
0.000820
0.000779
0.000767
0.000843
0.000847
0.000869
0.000906
0.000799
0.001017
0.000877
0.000888
0.000768
0.000787
0.000839
0.000829
0.000781
0.000834
0.000565
0.000386
0.001137
0.000327
0.000315
0.000312
0.000356
0.000299
0.000313
0.000318
0.000306
0.000295
0.000383
0.000352
0.000876
0.000763
0.000784
0.000813
0.000833
0.000780
0.000773
0.000861
0.000774
0.000784
0.000743
0.000793
0.000767
0.000743
0.000799
0.000832
0.000776
0.000787
0.000800
0.000735
0.000758
0.000765
0.000759
0.000845
0.000752
0.000804
0.000835
0.000767
0.000845
0.000879
0.000794
0.000779
0.000764
0.000764
0.000836
0.000752
0.000845
0.000797
0.000769
0.000786
0.000760
0.000777
0.000769
0.000776
0.000768
0.000795
0.000801
0.000752
0.000805
0.000777
0.000753
0.000846
0.000771
0.000789
0.000759
0.000832
0.000755
0.000756
0.000742
0.000844
0.000855
0.001290
0.000856
0.000841
0.000865
0.000751
0.000784
0.000765
0.000738
0.000825
0.000750
0.000862
0.000770
0.000766
0.000803
0.000870
0.000770
0.000861
0.000776
0.000779
0.000827
0.000775
0.000777
0.001758
0.000904
0.000874
0.000897
0.001594
0.000755
0.000784
0.000800
0.000746
0.000736
0.000786
0.000842
0.000829
0.000751
0.000839
0.000770
0.000755
0.000771
0.000747
0.000840
0.000764
0.001306
0.000855
0.000755
0.000728
0.000757
0.000816
0.000770
0.000761
0.000780
0.000841
0.000774
0.000782
0.000833
0.000778
0.000851
0.000828
0.000747
0.000759
0.000795
0.000841
0.000779
0.000744
0.000778
0.000809
0.000784
0.000752
0.000795
0.000781
0.000818
0.000784
0.000819
0.000772
0.000779
0.000797
0.000729
0.000865
0.000823
0.000843
0.000757
0.000801
0.000759
0.000761
0.000887
0.000747
0.000824
0.000759
0.000802
0.000846
0.000769
0.000778
0.000773
0.000789
0.000883
0.000764
0.000783
0.000739
0.000891
0.000782
0.000797
0.000829
0.000752
0.000850
0.000802
0.000884
0.000783
0.000769
0.000749
0.000809
0.000768
0.000746
0.000781
0.000806
0.001374
0.000743
0.000759
0.000761
0.000801
0.000803
0.000843
0.000775
0.000737
0.000777
0.000747
0.001326
0.000784
0.000852
0.000767
0.000744
0.000755
0.000775
0.000784
0.000775
0.000708
0.000786
0.000769
0.000763
0.000867
0.000830
0.000779
0.000802
0.000775
0.000815
0.000797
0.000793
0.000834
0.000780
