0.001081
0.001131
0.001070
0.001094
0.001061
0.001063
0.001130
0.001056
0.001075
0.001042
0.001098
0.001083
0.001087
0.001022
0.001084
0.001209
0.001110
0.001081
0.001031
0.001088
0.001113
0.001069
0.000987
0.001050
0.001070
0.001092
0.001127
0.001096
0.001070
0.001018
0.001046
0.001079
0.001100
0.001075
0.001025
0.001053
0.001123
0.001069
0.001199
0.001077
0.001103
0.001050
0.001047
0.001145
0.001016
0.001070
0.001133
0.000988
0.001138
0.001054
0.001058
0.001084
0.001128
0.001133
0.001100
0.001034
0.001074
0.001010
0.001053
0.001123
0.001066
0.001124
0.001073
0.001060
0.001008
0.001060
0.001171
0.001020
0.001046
0.001027
0.001198
0.001056
0.001103
0.001125
0.001195
0.001014
0.001089
0.001086
0.001077
0.001078
0.001034
0.001032
0.001052
0.001079
0.001096
0.001027
0.001176
0.001061
0.001115
0.001088
0.001129
0.001133
0.001072
0.001098
0.001115
0.001095
0.001123
0.001019
0.001046
0.001062
0.001079
0.001119
0.001046
0.001107
0.001122
0.001166
0.001076
0.001020
0.001095
0.001068
0.001073
0.001149
0.001033
0.001031
0.001113
0.001016
0.001121
0.001121
0.001013
0.001043
0.001094
0.001065
0.001058
0.001070
0.001037
0.001051
0.001094
0.001062
0.001131
0.001089
0.001047
0.001087
0.001031
0.001257
0.001038
0.001094
0.001070
0.001102
0.001148
0.001071
0.001027
0.001042
0.001085
0.001152
0.001061
0.001005
0.001076
0.001049
0.001066
0.001083
0.000991
0.001202
0.001043
0.001045
0.001035
0.001101
0.001055
0.000886
0.001155
0.001120
0.001035
0.001143
0.001032
0.001096
0.001044
0.001049
0.001145
0.001118
0.001083
0.001101
0.001089
0.001039
0.001028
0.001040
0.001114
0.001115
0.001048
0.001150
0.001072
0.001071
0.001179
0.001051
0.001061
0.001036
0.001090
0.001173
0.001057
0.000983
0.001044
0.001017
0.001044
0.001146
0.001119
0.001054
0.001135
0.001132
0.001060
0.001097
0.001052
0.001089
0.001144
0.001118
0.001116
0.001044
0.001062
0.001047
0.001060
0.001045
0.001014
0.001213
0.001097
0.001115
0.001043
0.001020
0.001126
0.001168
0.001032
0.001045
0.001070
0.001049
0.001004
0.001042
0.001062
0.001062
0.001177
0.001114
0.001081
0.001117
0.001118
0.001125
0.001117
0.001073
0.001119
0.001102
0.001073
0.001067
0.001196
0.001098
0.001110
0.001117
0.001049
0.001075
0.001109
0.001082
0.001063
0.001188
0.001095
0.001047
0.001090
0.001087
0.001079
0.001043
0.001093
0.001048
0.001113
0.001031
0.001074
0.001136
0.001085
0.001059
0.001083
0.001076
0.001033
0.001078
0.001087
0.001030
0.001055
0.001053
0.001073
0.001142
0.001124
0.001057
0.001099
0.001060
0.001075
0.001066
0.001152
0.001111
0.001043
0.001023
0.001055
0.001030
0.001154
0.001148
0.001065
0.001076
0.001195
0.001139
0.001019
0.001006
0.001091
0.001136
0.001047
0.001094
0.001073
0.001056
0.001099
0.001082
0.001198
0.001095
0.001063
0.001238
0.001024
0.001040
0.001002
0.001032
0.001178
0.001019
0.001041
0.001058
0.001058
0.001056
0.001100
0.001021
0.001075
0.001086
0.001143
0.001084
0.001026
0.001129
0.001106
0.001027
0.001065
0.001074
0.001081
0.001029
0.001102
0.001047
0.001059
0.001090
0.001108
0.001148
0.001066
0.001071
0.001126
0.001136
0.001113
0.001106
0.001042
0.001074
0.001078
0.001065
0.001112
0.001108
0.001052
0.001096
0.001021
0.001049
0.001132
0.001024
0.001021
0.001055
0.001097
0.001058
0.001087
0.001058
0.001083
0.000985
0.001015
0.001051
0.001118
0.001151
0.001107
0.001144
0.001076
0.001078
0.001038
0.001049
0.001044
0.001141
0.001085
0.001101
0.001082
0.001132
0.001066
0.001032
0.001072
0.001089
0.001087
0.001150
0.001031
0.001070
0.001023
0.001035
0.001088
0.001098
0.001164
0.001088
0.001099
0.001091
0.001064
0.001067
0.001056
0.001067
0.001014
0.001079
0.001112
0.001085
0.001108
0.001035
0.001102
0.001081
0.001019
0.001074
0.001081
0.001076
0.001136
0.001064
0.001054
0.001095
0.001055
0.001060
0.001069
0.001052
0.001055
0.001103
0.001056
0.001099
0.001013
0.001040
0.001091
0.001079
0.001067
0.001040
0.001030
0.001034
0.001099
0.001085
0.001028
0.001047
0.001059
0.001031
0.001194
0.001049
0.001150
0.001155
0.001037
0.001124
0.001151
0.001089
0.002373
0.001101
0.001063
0.001116
0.001083
0.001138
0.001100
0.001067
0.001027
0.000997
0.001091
0.001061
0.001105
0.001061
0.001071
0.001082
0.001116
0.001119
0.001099
0.001063
0.001091
0.001151
0.001033
0.001057
0.001067
0.001176
0.001064
0.001066
0.001138
0.001022
0.001142
0.001085
0.001087
0.001022
0.001141
0.001073
0.001054
0.001049
0.001050
0.001146
0.001180
0.001068
0.001099
0.001043
0.001090
0.001085
0.001029
0.001092
0.001068
0.001078
0.001117
0.001077
0.001061
0.001118
0.001090
0.001090
0.001121
0.001072
0.001071
0.001030
