0.000855
0.000882
0.000972
0.000858
0.000920
0.000900
0.000988
0.000853
0.000859
0.000985
0.000939
0.000871
0.000910
0.000888
0.000959
0.000964
0.000879
0.000886
0.000861
0.000978
0.000879
0.000943
0.000880
0.000861
0.000849
0.000877
0.000920
0.001065
0.000958
0.000858
0.000821
0.000859
0.000845
0.000920
0.000897
0.000941
0.000930
0.000838
0.000967
0.000867
0.000884
0.000870
0.000869
0.000915
0.000838
0.000913
0.000856
0.000969
0.000843
0.000984
0.000839
0.000855
0.000921
0.000912
0.000888
0.000852
0.000843
0.000906
0.000945
0.001031
0.000857
0.000890
0.000851
0.000890
0.000893
0.000889
0.000870
0.000856
0.002381
0.000928
0.000861
0.000970
0.000848
0.000964
0.000843
0.000968
0.000869
0.000875
0.000865
0.000832
0.000889
0.000918
0.000868
0.000831
0.000893
0.000844
0.000852
0.000892
0.000878
0.000950
0.000850
0.000956
0.000959
0.001052
0.000888
0.000840
0.000952
0.000975
0.000930
0.000946
0.000912
0.000864
0.000844
0.001047
0.000860
0.000827
0.000936
0.000952
0.000883
0.000889
0.000872
0.000856
0.000987
0.000931
0.000854
0.000885
0.000890
0.001070
0.000880
0.000878
0.000937
0.000853
0.000882
0.000869
0.000881
0.000914
0.000865
0.000823
0.001120
0.000972
0.000869
0.000910
0.000823
0.000899
0.000841
0.000834
0.000863
0.001112
0.000865
0.000890
0.000807
0.000877
0.000835
0.000878
0.001096
0.000873
0.000819
0.000916
0.000890
0.000877
0.000969
0.000883
0.000911
0.000916
0.000892
0.000942
0.000880
0.000907
0.000820
0.000858
0.000949
0.000916
0.000834
0.000891
0.000915
0.000947
0.000849
0.000912
0.000877
0.000891
0.000848
0.000843
0.000919
0.000880
0.000872
0.000954
0.000970
0.000854
0.001003
0.000882
0.000997
0.000907
0.000856
0.000855
0.001094
0.000874
0.000867
0.001052
0.001022
0.000851
0.001005
0.000990
0.000850
0.000862
0.000820
0.000934
0.000990
0.000867
0.000924
0.000889
0.000913
0.000871
0.000858
0.000914
0.000901
0.000961
0.000854
0.001010
0.000904
0.000853
0.000862
0.000873
0.000860
0.000856
0.000895
0.000843
0.000894
0.000903
0.000871
0.000942
0.000945
0.000955
0.000909
0.000938
0.000933
0.001000
0.000962
0.000895
0.001057
0.000930
0.000938
0.000980
0.000894
0.000879
0.000831
0.000893
0.000876
0.000891
0.000972
0.000888
0.000965
0.000933
0.001060
0.000827
0.000891
0.000935
0.000862
0.000878
0.000858
0.000826
0.000948
0.000952
0.000987
0.000986
0.000882
0.000892
0.000941
0.000884
0.000928
0.000903
0.000908
0.000899
0.000943
0.000965
0.000895
0.000849
0.000878
0.000864
0.000853
0.000968
0.000865
0.000868
0.000857
0.000904
0.000861
0.000956
0.000837
0.000939
0.000857
0.000869
0.000914
0.000904
0.000899
0.000866
0.000932
0.000932
0.000817
0.000948
0.000978
0.000867
0.000855
0.000885
0.000895
0.000854
0.000998
0.000844
0.000900
0.000871
0.000901
0.000954
0.001094
0.000907
0.000915
0.000935
0.000846
0.000868
0.000895
0.000916
0.000880
0.000881
0.000886
0.000969
0.000888
0.000864
0.000863
0.000911
0.000907
0.000849
0.000828
0.000828
0.000907
0.000861
0.000919
0.000838
0.000835
0.001024
0.000881
0.000941
0.001057
0.000896
0.000910
0.000864
0.000829
0.000833
0.000899
0.000936
0.000969
0.000975
0.000900
0.000900
0.000996
0.000957
0.000897
0.000876
0.000863
0.000918
0.000836
0.000844
0.000885
0.000868
0.000967
0.001001
0.000889
0.000853
0.000918
0.000882
0.000856
0.000939
0.000960
0.000896
0.000880
0.000867
0.000841
0.000939
0.000891
0.000927
0.000885
0.000826
0.000911
0.000875
0.000887
0.000853
0.000891
0.000926
0.000882
0.000895
0.000970
0.000876
0.000893
0.000822
0.000891
0.000816
0.000839
0.000888
0.000885
0.000830
0.000903
0.000874
0.000947
0.000881
0.000853
0.000846
0.000849
0.000942
0.000900
0.000882
0.000916
0.000873
0.000846
0.000885
0.000933
0.001084
0.000881
0.000942
0.000892
0.000911
0.000937
0.000893
0.000824
0.000850
0.000866
0.000860
0.000867
0.000838
0.001028
0.000852
0.000886
0.000852
0.001048
0.000850
0.000852
0.000899
0.000876
0.000962
0.000830
0.000891
0.000897
0.000832
0.000844
0.000935
0.000887
0.000817
0.000926
0.001736
0.000939
0.000859
0.000872
0.000905
0.000887
0.000864
0.000982
0.000852
0.000903
0.000875
0.000840
0.000847
0.000879
0.000971
0.000911
0.000875
0.000928
0.000881
0.000853
0.000966
0.000851
0.000870
0.000909
0.000918
0.001015
0.000855
0.000896
0.000879
0.000927
0.000972
0.000977
0.000850
0.000885
0.000861
0.000875
0.000968
0.000921
0.001034
0.000917
0.000817
0.000878
0.000851
0.000830
0.000855
0.000854
0.000964
0.000946
0.000867
0.000876
0.000855
0.000967
0.000842
0.000863
0.000962
0.000954
0.000876
0.000928
0.000909
0.000856
0.000841
0.000870
0.000898
0.000966
0.000902
0.000874
0.000843
