0.000948
0.000962
0.000906
0.000981
0.001228
0.001149
0.000914
0.001572
0.000815
0.001069
0.000797
0.001186
0.001212
0.001154
0.001253
0.001131
0.001189
0.000905
0.001096
0.001193
0.000921
0.001098
0.001370
0.000858
0.000847
0.000922
0.000992
0.000899
0.000973
0.000898
0.001138
0.000879
0.000897
0.001211
0.000907
0.000885
0.000915
0.000952
0.000945
0.001117
0.000958
0.000954
0.001234
0.000854
0.000868
0.000841
0.000939
0.000886
0.000832
0.001192
0.001007
0.000980
0.001195
0.000869
0.000949
0.000971
0.000862
0.000927
0.001159
0.002061
0.000907
0.000880
0.000891
0.000927
0.000930
0.001282
0.001771
0.000886
0.000954
0.000920
0.001147
0.000878
0.001250
0.000880
0.000940
0.000915
0.000884
0.000869
0.001695
0.001184
0.001160
0.000967
0.000854
0.001160
0.001074
0.000930
0.001146
0.001065
0.000995
0.001111
0.001212
0.000913
0.000929
0.001295
0.000925
0.000909
0.000918
0.001138
0.001115
0.000861
0.001193
0.001182
0.000931
0.000911
0.001089
0.000832
0.001216
0.000904
0.000864
0.000906
0.000918
0.001154
0.001131
0.001205
0.000953
0.001127
0.000954
0.001134
0.000997
0.001116
0.001217
0.001044
0.000891
0.000912
0.000902
0.000991
0.000814
0.000932
0.001262
0.000957
0.000836
0.001240
0.000881
0.001106
0.000874
0.000875
0.000848
0.000934
0.000882
0.000890
0.001211
0.000909
0.001099
0.000869
0.000928
0.001119
0.001072
0.000941
0.001150
0.000928
0.001108
0.000934
0.001076
0.000913
0.001185
0.000934
0.000973
0.001080
0.001018
0.000925
0.000890
0.001633
0.000935
0.000849
0.000884
0.001199
0.000895
0.000826
0.001286
0.000880
0.000891
0.001160
0.000937
0.001185
0.000862
0.000893
0.001041
0.000929
0.001096
0.000934
0.001821
0.000858
0.001566
0.001171
0.000981
0.001187
0.001194
0.001199
0.001220
0.000920
0.001332
0.000929
0.000920
0.000944
0.000931
0.000927
0.000900
0.000953
0.000860
0.001253
0.000871
0.000858
0.000908
0.000854
0.001185
0.000861
0.001127
0.000960
0.000881
0.000911
0.001131
0.001224
0.000997
0.000856
0.000911
0.000879
0.001147
0.001100
0.000926
0.001012
0.000931
0.000912
0.001251
0.000864
0.000841
0.002280
0.000216
0.000212
0.000226
0.000321
0.000268
0.000312
0.000352
0.000406
0.000816
0.001226
0.000945
0.001137
0.001067
0.000962
0.000941
0.001657
0.000981
0.000877
0.000870
0.000865
0.000909
0.000892
0.000992
0.000896
0.001165
0.001097
0.000881
0.000967
0.001112
0.000834
0.001397
0.001070
0.001104
0.000881
0.001238
0.001009
0.000925
0.000963
0.001213
0.000926
0.000901
0.000835
0.000939
0.001018
0.000905
0.001083
0.001154
0.000996
0.001249
0.001427
0.000846
0.000967
0.000918
0.001160
0.001121
0.001357
0.001172
0.000966
0.001107
0.000902
0.000884
0.000918
0.001201
0.001023
0.000940
0.000947
0.001008
0.000902
0.001934
0.000868
0.001280
0.001233
0.000930
0.001273
0.001106
0.000858
0.000953
0.000951
0.000999
0.001099
0.000873
0.001004
0.001261
0.000846
0.001047
0.000936
0.000901
0.001176
0.001721
0.000918
0.001204
0.000998
0.000833
0.001231
0.000912
0.000961
0.000935
0.000907
0.001154
0.000957
0.001105
0.001102
0.000970
0.001136
0.000806
0.000885
0.000900
0.000906
0.000862
0.000899
0.001096
0.000871
0.001156
0.001076
0.000925
0.000953
0.000959
0.001099
0.000923
0.000931
0.000919
0.000914
0.000874
0.001177
0.000824
0.001230
0.000903
0.001098
0.000953
0.001127
0.000871
0.001090
0.000834
0.001349
0.001105
0.000905
0.000910
0.001161
0.000902
0.000956
0.000948
0.001068
0.000921
0.001450
0.001262
0.000943
0.000935
0.001234
0.000943
0.000972
0.001086
0.000906
0.001120
0.000901
0.000961
0.001152
0.000938
0.001236
0.000871
0.001007
0.000917
0.001163
0.000901
0.000855
0.001140
0.000912
0.000943
0.000839
0.001153
0.001317
0.001122
0.000919
0.000868
0.001078
0.000953
0.000879
0.001498
0.000905
0.001291
0.000895
0.001101
0.000820
0.001556
0.001069
0.001108
0.000848
0.001129
0.001170
0.001167
0.002189
0.000556
0.000860
0.000255
0.000197
0.000256
0.000261
0.000269
0.000711
0.000974
0.000285
0.000884
0.000192
0.000533
0.000283
0.000363
0.000319
0.000351
0.000421
0.000871
0.000853
0.000909
0.000917
0.000917
0.000805
0.001136
0.000802
0.001042
0.000856
0.001076
0.000854
0.001271
0.000890
0.000907
0.000877
0.001178
0.001147
0.000894
0.000927
0.000922
0.000854
0.001130
0.001265
0.000911
0.001245
0.000905
0.001187
0.000931
0.000843
0.001263
0.000826
0.001194
0.001884
0.000919
0.000951
0.001126
0.001023
0.000932
0.000789
0.000678
0.000610
0.000671
0.000612
0.001246
0.000208
0.000213
0.000208
0.000326
0.000269
0.000299
0.000213
0.000264
0.000356
0.000254
0.000321
0.000308
0.000327
0.000951
0.000504
0.000276
0.000213
0.000785
0.000352
0.000202
0.000285
