0.001047
0.001000
0.000968
0.000934
0.000941
0.001173
0.001104
0.000974
0.000942
0.001014
0.001038
0.000893
0.000780
0.001027
0.000996
0.001166
0.001080
0.000987
0.001065
0.001155
0.001047
0.000918
0.000988
0.000889
0.001075
0.001106
0.001025
0.000955
0.001070
0.000961
0.001025
0.001050
0.000962
0.000977
0.001047
0.000906
0.000962
0.001022
0.001152
0.001094
0.000488
0.000419
0.000361
0.000272
0.000229
0.000276
0.000283
0.000267
0.000322
0.000214
0.000244
0.000261
0.000272
0.000271
0.000309
0.000276
0.000271
0.000304
0.000288
0.000285
0.000306
0.000273
0.000301
0.000250
0.000302
0.000395
0.000285
0.000247
0.000243
0.000251
0.000296
0.000276
0.000366
0.000374
0.000260
0.000254
0.000282
0.000261
0.000234
0.000243
0.000336
0.000306
0.000255
0.000371
0.000240
0.000293
0.000322
0.000247
0.000247
0.000389
0.000256
0.000324
0.000242
0.000270
0.000269
0.000309
0.000313
0.000222
0.000273
0.000314
0.000370
0.000295
0.000279
0.000385
0.000291
0.000291
0.000254
0.000242
0.000259
0.000283
0.000263
0.000298
0.000302
0.000329
0.000223
0.000251
0.000285
0.000254
0.000255
0.000333
0.000308
0.000292
0.000300
0.000217
0.000279
0.000273
0.000461
0.000283
0.000280
0.000280
0.000281
0.000286
0.000266
0.000294
0.000235
0.000249
0.000306
0.000272
0.000255
0.000240
0.000259
0.000237
0.000295
0.000259
0.000244
0.000246
0.000296
0.000310
0.000244
0.000237
0.000278
0.000271
0.000274
0.000301
0.000251
0.000258
0.000255
0.000299
0.000240
0.000235
0.000251
0.000267
0.000263
0.000303
0.000353
0.000175
0.000288
0.000353
0.000235
0.000369
0.000264
0.000290
0.000301
0.000260
0.000250
0.000247
0.000296
0.000290
0.000241
0.000301
0.000308
0.000256
0.000324
0.000276
0.000286
0.000350
0.000232
0.000260
0.000458
0.000259
0.000209
0.000280
0.000363
0.000623
0.000365
0.000219
0.000373
0.000435
0.000270
0.000491
0.000244
0.000328
0.000254
0.000429
0.000228
0.000273
0.000248
0.000305
0.000295
0.000285
0.000237
0.000277
0.000251
0.000288
0.000335
0.000287
0.000284
0.000331
0.000339
0.000241
0.000237
0.000288
0.000271
0.000282
0.000291
0.000237
0.000308
0.000261
0.000292
0.000312
0.000253
0.000303
0.000281
0.000271
0.000281
0.000227
0.000284
0.000270
0.000261
0.000260
0.000286
0.000348
0.000203
0.000322
0.000324
0.000266
0.000265
0.000253
0.000258
0.000486
0.000199
0.000296
0.000246
0.000287
0.000310
0.000276
0.000262
0.000302
0.000272
0.000256
0.000295
0.000293
0.000374
0.000265
0.000373
0.000285
0.000240
0.000295
0.000252
0.000261
0.000265
0.000338
0.000268
0.000296
0.000279
0.000260
0.000257
0.000298
0.000240
0.000282
0.000243
0.000289
0.000266
0.000284
0.000287
0.000283
0.000245
0.000310
0.000237
0.000283
0.000263
0.000263
0.000292
0.000268
0.000292
0.000348
0.000228
0.000346
0.000269
0.000238
0.000270
0.000266
0.000235
0.000259
0.000239
0.000243
0.000265
0.000235
0.000268
0.000268
0.000307
0.000381
0.000263
0.000249
0.000318
0.000310
0.000295
0.000257
0.000253
0.000253
0.000298
0.000282
0.000258
0.000260
0.000284
0.000366
0.000260
0.000292
0.000242
0.000254
0.000300
0.000289
0.000234
0.000254
0.000285
0.000242
0.000283
0.000247
0.000266
0.000310
0.000348
0.000301
0.000250
0.000268
0.000290
0.000250
0.000257
0.000301
0.000529
0.000301
0.000269
0.000355
0.000285
0.000301
0.000252
0.000326
0.000274
0.000259
0.000213
0.000218
0.000225
0.000234
0.000223
0.000255
0.000351
0.000391
0.000285
0.000307
0.000276
0.000303
0.000250
0.000266
0.000258
0.000237
0.000295
0.000303
0.000407
0.000281
0.000275
0.000252
0.000297
0.000364
0.000338
0.000259
0.000290
0.000256
0.000271
0.000237
0.000262
0.000294
0.000249
0.000405
0.000338
0.000288
0.000232
0.000208
0.000362
0.000292
0.000256
0.000298
0.000265
0.000236
0.000211
0.000264
0.000283
0.000296
0.000237
0.000310
0.000235
0.000293
0.000274
0.000302
0.000254
0.000255
0.000260
0.000273
0.000251
0.000247
0.000250
0.000261
0.000283
0.000303
0.000303
0.000304
0.000306
0.000304
0.000266
0.000334
0.000276
0.000352
0.000332
0.000341
0.000267
0.000242
0.000362
0.000312
0.000294
0.000409
0.000275
0.000278
0.000938
0.000259
0.000376
0.000336
0.000292
0.000348
0.000275
0.000228
0.000328
0.000375
0.000267
0.000266
0.000331
0.000328
0.000225
0.000258
0.000332
0.000275
0.000275
0.000275
0.000418
0.000232
0.000295
0.000323
0.000255
0.000274
0.000253
0.000334
0.000303
0.000252
0.000259
0.000313
0.000278
0.000298
0.000244
0.000739
0.000252
0.000227
0.000256
0.000252
0.000302
0.000369
0.000257
0.000291
0.000237
0.000271
0.000391
0.000233
0.000297
0.000294
0.000421
0.000247
0.000254
0.000291
0.000299
0.000305
0.000267
0.000297
0.000292
0.000290
