0.000930
0.000969
0.000865
0.000910
0.001136
0.001597
0.000920
0.001105
0.001016
0.000969
0.000897
0.001101
0.000992
0.000983
0.001056
0.000914
0.001019
0.000880
0.001025
0.001025
0.000992
0.001082
0.000953
0.000930
0.000868
0.001041
0.000885
0.000904
0.000898
0.000973
0.000941
0.000910
0.000884
0.000963
0.000919
0.000930
0.001051
0.000926
0.000969
0.000957
0.000926
0.000968
0.000929
0.001004
0.001049
0.000924
0.000852
0.001017
0.000952
0.000961
0.000925
0.000932
0.000953
0.000927
0.001030
0.001107
0.000981
0.000966
0.000870
0.000977
0.001017
0.000914
0.001039
0.001023
0.000893
0.000992
0.001164
0.001048
0.000933
0.000910
0.000907
0.000916
0.000934
0.000906
0.000920
0.000882
0.000958
0.000974
0.001003
0.000992
0.001001
0.000891
0.001020
0.001064
0.000929
0.000962
0.000992
0.000981
0.001025
0.000990
0.000942
0.001068
0.001009
0.000957
0.000983
0.000994
0.000925
0.000972
0.001074
0.000922
0.001330
0.000990
0.000856
0.000855
0.000933
0.000980
0.001119
0.000972
0.000888
0.000958
0.000908
0.000998
0.000900
0.001008
0.000970
0.000901
0.000917
0.000895
0.000988
0.000986
0.000909
0.001025
0.001000
0.001186
0.000931
0.000856
0.001133
0.000934
0.000944
0.001184
0.000954
0.000967
0.000886
0.001151
0.000949
0.000992
0.000979
0.000940
0.000974
0.000884
0.000921
0.000989
0.001020
0.000986
0.001025
0.000946
0.001064
0.000936
0.000907
0.001023
0.000886
0.001012
0.000901
0.000942
0.000912
0.000965
0.001011
0.000989
0.000930
0.001633
0.000879
0.000875
0.000940
0.000973
0.001038
0.000890
0.000910
0.000962
0.000953
0.000958
0.000869
0.000992
0.000933
0.000913
0.001136
0.000909
0.000987
0.000973
0.001070
0.000929
0.000931
0.000909
0.000981
0.000998
0.001125
0.000958
0.000955
0.000887
0.000901
0.001034
0.000972
0.000943
0.000975
0.001053
0.000973
0.001007
0.001033
0.001086
0.000992
0.000910
0.000976
0.001081
0.000980
0.000972
0.000958
0.000973
0.001003
0.000922
0.000891
0.001332
0.001124
0.000918
0.000962
0.000944
0.000936
0.000919
0.000992
0.000937
0.000987
0.000863
0.000983
0.000994
0.001036
0.001017
0.001007
0.001053
0.000945
0.000886
0.001046
0.000990
0.000954
0.000910
0.000951
0.001100
0.000950
0.001038
0.000938
0.000924
0.000936
0.000927
0.000844
0.000972
0.000965
0.000977
0.000979
0.000886
0.000889
0.000949
0.000862
0.001117
0.000910
0.000903
0.001012
0.001036
0.000998
0.000923
0.000910
0.001012
0.000953
0.001000
0.001588
0.001066
0.000924
0.001043
0.000981
0.000973
0.000909
0.001051
0.000939
0.000989
0.000964
0.001166
0.000926
0.000939
0.000904
0.000897
0.000945
0.001114
0.000946
0.000992
0.000993
0.001047
0.000976
0.001045
0.000906
0.000916
0.000918
0.000959
0.000932
0.000952
0.001006
0.000950
0.000935
0.000865
0.000945
0.001142
0.000890
0.000980
0.000889
0.000948
0.000811
0.001041
0.001003
0.000876
0.000994
0.001080
0.000858
0.000961
0.000960
0.000827
0.000910
0.000932
0.000983
0.001060
0.001121
0.000901
0.000875
0.000997
0.000938
0.000962
0.000949
0.000950
0.000858
0.000982
0.000914
0.000889
0.000995
0.000984
0.000941
0.000944
0.001022
0.001047
0.000918
0.000846
0.000984
0.001005
0.001008
0.000933
0.000900
0.000977
0.000940
0.000905
0.000948
0.000873
0.000876
0.000970
0.000847
0.000937
0.001271
0.000962
0.001294
0.001049
0.000981
0.001024
0.000985
0.000926
0.001035
0.000978
0.000872
0.000874
0.000943
0.001080
0.000907
0.000998
0.000888
0.001044
0.001028
0.000965
0.000936
0.000940
0.000950
0.000900
0.000975
0.000886
0.001110
0.000934
0.000871
0.001212
0.000933
0.001004
0.000994
0.000883
0.000934
0.001024
0.000966
0.000909
0.000999
0.000905
0.000907
0.000981
0.000980
0.000943
0.000958
0.000953
0.000998
0.000942
0.000949
0.001273
0.001078
0.000929
0.000979
0.000997
0.000981
0.000940
0.000957
0.001039
0.000951
0.000989
0.000921
0.000924
0.001044
0.000955
0.000930
0.000938
0.001047
0.000901
0.000932
0.000948
0.000948
0.001413
0.002192
0.001025
0.000901
0.000878
0.000919
0.001119
0.000988
0.000897
0.000960
0.000945
0.000927
0.000975
0.000903
0.000882
0.000952
0.001654
0.000899
0.000984
0.000864
0.000919
0.001019
0.000860
0.001068
0.000905
0.000997
0.000943
0.001160
0.000918
0.000894
0.000998
0.000914
0.000907
0.000995
0.000894
0.000968
0.000956
0.000886
0.000971
0.000977
0.000949
0.000974
0.000980
0.001012
0.001026
0.000984
0.000921
0.000960
0.001651
0.000893
0.001139
0.000999
0.000937
0.000900
0.000935
0.001024
0.000915
0.000881
0.001133
0.000899
0.000935
0.000951
0.000960
0.000971
0.001021
0.001026
0.001763
0.000970
0.000934
0.000945
0.000966
0.000949
0.001214
0.001059
0.001000
0.000906
0.000937
0.001808
0.000985
0.000918
0.001086
