0.001069
0.001956
0.001186
0.001076
0.001052
0.001007
0.000978
0.001087
0.001108
0.001020
0.001072
0.001071
0.001041
0.000990
0.001065
0.001041
0.001030
0.001082
0.000998
0.001080
0.001071
0.001064
0.000953
0.001134
0.001086
0.000985
0.000999
0.001021
0.001166
0.001030
0.001140
0.001159
0.000964
0.001019
0.001077
0.001205
0.000903
0.000981
0.001011
0.000999
0.001150
0.001037
0.001062
0.000953
0.001043
0.000925
0.001059
0.001033
0.001018
0.001006
0.001066
0.001064
0.001045
0.001077
0.001783
0.001171
0.001062
0.001077
0.001044
0.001030
0.001068
0.001087
0.001015
0.001140
0.000989
0.001899
0.000997
0.000997
0.001169
0.001090
0.001043
0.001124
0.001209
0.001000
0.000978
0.001064
0.001017
0.000944
0.001083
0.000990
0.001215
0.001001
0.001005
0.000979
0.001072
0.001063
0.001092
0.001038
0.001013
0.000935
0.000939
0.001217
0.001086
0.000986
0.001017
0.001145
0.001062
0.000992
0.001060
0.001058
0.001056
0.001129
0.001109
0.001015
0.001270
0.001104
0.001044
0.001011
0.001237
0.001217
0.001081
0.001097
0.001044
0.001058
0.001027
0.001068
0.001010
0.001044
0.001079
0.001037
0.001127
0.001006
0.001164
0.001122
0.000973
0.001018
0.001090
0.001167
0.001110
0.001040
0.001193
0.000985
0.001066
0.000996
0.001081
0.001068
0.001055
0.001068
0.001006
0.001049
0.001201
0.000995
0.001010
0.001010
0.001135
0.001137
0.001108
0.001189
0.001019
0.001050
0.001064
0.001081
0.001099
0.001047
0.001221
0.001058
0.001032
0.001174
0.001022
0.001045
0.001175
0.001052
0.001028
0.001029
0.001152
0.001041
0.001013
0.001032
0.001046
0.001097
0.001036
0.001153
0.001092
0.001047
0.001017
0.001080
0.001052
0.001131
0.000972
0.001042
0.000998
0.001142
0.001052
0.001040
0.001105
0.001236
0.001044
0.001085
0.001011
0.001095
0.000971
0.001063
0.001039
0.001035
0.001022
0.000956
0.000980
0.001029
0.001088
0.001058
0.001000
0.001083
0.001031
0.001100
0.001023
0.001119
0.001015
0.001255
0.001032
0.001088
0.001118
0.001024
0.001049
0.001075
0.001000
0.001059
0.001042
0.001146
0.001059
0.000972
0.001010
0.001031
0.001154
0.000996
0.001085
0.001052
0.001090
0.001104
0.001039
0.001035
0.001039
0.001184
0.000980
0.001031
0.001052
0.001160
0.001024
0.001000
0.001053
0.001126
0.001010
0.001098
0.001079
0.001032
0.001113
0.001056
0.001076
0.001180
0.001000
0.001251
0.001007
0.001144
0.001089
0.001015
0.001011
0.001071
0.001036
0.001086
0.001037
0.001029
0.001276
0.001069
0.001098
0.000994
0.001172
0.001035
0.001104
0.001200
0.001068
0.001042
0.001098
0.001090
0.000994
0.001059
0.000901
0.000951
0.001133
0.000976
0.001067
0.001030
0.001033
0.001151
0.001001
0.001062
0.001033
0.001070
0.001045
0.001023
0.001030
0.001098
0.001088
0.001039
0.000980
0.001077
0.001014
0.001040
0.001048
0.001031
0.001049
0.001022
0.001042
0.001064
0.001019
0.001078
0.001021
0.000999
0.001008
0.000977
0.001064
0.001043
0.001022
0.001037
0.001087
0.001028
0.001083
0.000888
0.000957
0.001053
0.001127
0.001007
0.000947
0.001056
0.001248
0.001015
0.000988
0.001072
0.000989
0.001036
0.001135
0.000993
0.001013
0.001072
0.001051
0.001080
0.000999
0.001029
0.001115
0.001289
0.001062
0.001115
0.000946
0.001034
0.001141
0.001041
0.001028
0.001025
0.001137
0.001124
0.000952
0.001057
0.001035
0.001180
0.000918
0.001130
0.001134
0.001038
0.001024
0.001067
0.001136
0.001124
0.001051
0.001546
0.001121
0.001103
0.001003
0.000975
0.001018
0.001206
0.001119
0.001021
0.000958
0.001093
0.001068
0.001096
0.001096
0.000994
0.001016
0.001006
0.001117
0.000968
0.001000
0.001097
0.000942
0.001101
0.000979
0.001099
0.001084
0.001054
0.001085
0.001069
0.001069
0.001042
0.001150
0.001101
0.001097
0.001046
0.000945
0.001019
0.001045
0.001007
0.001087
0.001936
0.001040
0.001161
0.001088
0.001010
0.001006
0.001019
0.001156
0.001218
0.001012
0.001143
0.001164
0.001170
0.001036
0.001066
0.001063
0.000980
0.000923
0.001064
0.001067
0.001210
0.001007
0.001042
0.001079
0.001105
0.000981
0.001110
0.001182
0.001095
0.001033
0.001000
0.001055
0.001049
0.000998
0.001277
0.001042
0.001073
0.001050
0.001008
0.001076
0.001065
0.000650
0.000537
0.000424
0.000297
0.000265
0.000229
0.000278
0.000486
0.000308
0.000261
0.000219
0.000254
0.000255
0.000221
0.000233
0.000268
0.000292
0.000440
0.001112
0.001008
0.000993
0.001003
0.001218
0.001069
0.001092
0.001106
0.000995
0.001028
0.001071
0.001116
0.001067
0.001021
0.000998
0.001093
0.000905
0.001001
0.001138
0.001031
0.001124
0.001007
0.001042
0.001042
0.001163
0.001051
0.001201
0.001185
0.001066
0.001017
0.001011
0.001013
0.001063
0.001060
0.001181
0.001089
0.001073
0.001032
0.001131
0.001061
