0.000914
0.000957
0.000841
0.000947
0.000866
0.000879
0.000932
0.001068
0.000875
0.000863
0.000863
0.000909
0.000936
0.000853
0.000918
0.000896
0.000947
0.001049
0.000841
0.000903
0.000942
0.000849
0.000871
0.000875
0.000809
0.000878
0.000900
0.000940
0.000904
0.000912
0.000859
0.001135
0.000973
0.000890
0.000837
0.000869
0.000852
0.000847
0.000958
0.000920
0.000942
0.001042
0.000899
0.000843
0.000921
0.000828
0.001050
0.000880
0.000849
0.000890
0.000855
0.001201
0.000920
0.000946
0.000892
0.000837
0.000892
0.000854
0.000922
0.000829
0.000816
0.000844
0.000848
0.000945
0.000899
0.001014
0.001054
0.000928
0.000942
0.000911
0.000883
0.000889
0.000943
0.000893
0.000879
0.000925
0.000888
0.001107
0.000866
0.000916
0.000901
0.000841
0.000883
0.000809
0.000966
0.001037
0.000930
0.000972
0.001002
0.000869
0.000911
0.000870
0.000903
0.000859
0.000828
0.000973
0.000848
0.000926
0.000900
0.000881
0.000906
0.000880
0.000812
0.000911
0.000844
0.000825
0.000825
0.000909
0.000888
0.000917
0.000819
0.001074
0.001045
0.000838
0.000902
0.000903
0.000847
0.000843
0.000871
0.000887
0.000896
0.000894
0.000937
0.000942
0.000920
0.001021
0.000890
0.000997
0.000997
0.000840
0.000904
0.001023
0.000874
0.000958
0.000888
0.000933
0.000829
0.000965
0.000812
0.000909
0.000834
0.000873
0.000958
0.000950
0.000928
0.000886
0.000982
0.000909
0.000931
0.000890
0.000906
0.000979
0.000961
0.000950
0.000829
0.000949
0.000883
0.000909
0.000915
0.000954
0.000870
0.001333
0.000882
0.001027
0.000864
0.000898
0.000818
0.000905
0.000868
0.000901
0.000819
0.000890
0.000865
0.000909
0.000916
0.000923
0.000948
0.000896
0.000981
0.001058
0.000987
0.000837
0.000921
0.000863
0.000863
0.001008
0.000874
0.000911
0.000898
0.000908
0.002212
0.000878
0.000927
0.000977
0.000852
0.000825
0.001869
0.000807
0.000846
0.000975
0.000891
0.000913
0.000845
0.000871
0.000896
0.000926
0.000916
0.000842
0.000885
0.000948
0.000933
0.000959
0.000901
0.000835
0.000910
0.000846
0.000856
0.000889
0.000844
0.000967
0.000862
0.000937
0.000895
0.000944
0.000824
0.000847
0.000931
0.000909
0.000907
0.000908
0.000885
0.000874
0.000953
0.001024
0.000777
0.000900
0.000904
0.000998
0.000901
0.000868
0.001024
0.000936
0.000950
0.000795
0.000955
0.000842
0.000962
0.000953
0.000838
0.001019
0.000912
0.000821
0.000897
0.000896
0.000953
0.000924
0.000914
0.000970
0.000920
0.000943
0.000944
0.000916
0.000853
0.000886
0.000939
0.000770
0.000858
0.000874
0.000947
0.000899
0.000901
0.000909
0.000920
0.000871
0.000905
0.001000
0.000973
0.000898
0.000816
0.000926
0.000935
0.000963
0.000867
0.000861
0.000892
0.000892
0.000860
0.000819
0.000836
0.000812
0.000931
0.000867
0.000879
0.000883
0.000993
0.000962
0.000906
0.000887
0.000854
0.000806
0.001366
0.000850
0.000890
0.000845
0.000920
0.000909
0.000904
0.000868
0.000874
0.002387
0.000880
0.000900
0.000964
0.000916
0.000882
0.000903
0.000873
0.000837
0.000953
0.000879
0.000941
0.000856
0.000817
0.000944
0.000875
0.000903
0.000929
0.001006
0.000839
0.000873
0.000861
0.000865
0.000911
0.000896
0.000947
0.000828
0.000846
0.001174
0.000833
0.000976
0.001011
0.000816
0.000842
0.000906
0.000931
0.000914
0.000829
0.000910
0.000869
0.000878
0.000905
0.000967
0.000828
0.000835
0.000982
0.000877
0.000758
0.000873
0.000955
0.000858
0.000958
0.000864
0.000841
0.000841
0.000873
0.000813
0.000869
0.000862
0.000833
0.000838
0.000933
0.000900
0.000843
0.000971
0.000917
0.001082
0.000952
0.000849
0.000873
0.000843
0.000830
0.000858
0.000900
0.000969
0.000947
0.000909
0.000843
0.000952
0.000905
0.000916
0.001508
0.000918
0.000841
0.000872
0.001179
0.000885
0.000852
0.000969
0.000953
0.000954
0.000998
0.001227
0.000737
0.000994
0.000844
0.000871
0.000888
0.000908
0.001010
0.000802
0.000944
0.000973
0.000935
0.000858
0.000937
0.000934
0.000892
0.000960
0.001037
0.000902
0.000890
0.001003
0.001005
0.000930
0.000860
0.000936
0.000926
0.000863
0.000933
0.000841
0.000900
0.000814
0.000947
0.000916
0.000909
0.000950
0.000870
0.000480
0.000322
0.000245
0.000222
0.000211
0.000253
0.000217
0.000225
0.000187
0.000213
0.000200
0.000354
0.000353
0.000198
0.000190
0.000189
0.000214
0.000273
0.000197
0.000211
0.000176
0.000207
0.000203
0.000211
0.000208
0.000208
0.000233
0.000255
0.000278
0.000339
0.000339
0.000411
0.000706
0.001021
0.000987
0.000880
0.000819
0.000958
0.000848
0.000990
0.000920
0.000740
0.000960
0.000848
0.000868
0.000910
0.002417
0.000844
0.000898
0.000935
0.000827
0.000869
0.000854
0.000879
0.000828
0.000846
0.000844
0.000857
0.000831
0.000825
0.000892
0.000949
0.000886
