0.000976
0.000743
0.000291
0.000216
0.000275
0.000288
0.000282
0.000295
0.000617
0.000242
0.000232
0.000218
0.000261
0.000314
0.000218
0.000237
0.000241
0.000225
0.000388
0.000422
0.000221
0.000248
0.000359
0.000496
0.000944
0.000897
0.000822
0.001026
0.001132
0.000854
0.000983
0.001332
0.001249
0.001009
0.000892
0.001223
0.001069
0.001048
0.000849
0.000892
0.001059
0.001074
0.001024
0.001045
0.001099
0.001135
0.000975
0.000965
0.001012
0.001216
0.000578
0.000417
0.000391
0.000253
0.000285
0.000324
0.000288
0.000288
0.000390
0.000238
0.000268
0.000273
0.000263
0.000199
0.000775
0.000236
0.000197
0.000291
0.000405
0.000204
0.000229
0.000299
0.000251
0.000275
0.000366
0.000395
0.000383
0.000535
0.000741
0.000977
0.001090
0.001102
0.000918
0.000885
0.000879
0.000885
0.000885
0.000895
0.001003
0.000956
0.000936
0.000912
0.000869
0.001009
0.001015
0.000881
0.000936
0.000954
0.000851
0.001225
0.000905
0.000915
0.000930
0.000891
0.000895
0.000923
0.000893
0.001325
0.000897
0.000881
0.001173
0.001005
0.001016
0.001062
0.000831
0.000981
0.000943
0.000883
0.001045
0.000872
0.000845
0.000898
0.000922
0.000901
0.000915
0.000924
0.000886
0.000938
0.000884
0.000996
0.001029
0.000934
0.000928
0.000862
0.000897
0.000893
0.000880
0.001006
0.000988
0.000887
0.000997
0.000925
0.000858
0.000957
0.000961
0.000910
0.000907
0.000878
0.001007
0.000875
0.000931
0.001164
0.001001
0.001100
0.001182
0.000884
0.001039
0.001007
0.000877
0.001064
0.001057
0.001002
0.000893
0.001034
0.000995
0.000865
0.001018
0.000854
0.000896
0.000916
0.001117
0.000919
0.001048
0.000989
0.000995
0.000961
0.000844
0.000962
0.000852
0.000990
0.000909
0.001116
0.001001
0.000939
0.000875
0.000866
0.000932
0.000876
0.000953
0.000874
0.000913
0.000895
0.000864
0.000903
0.000971
0.000909
0.000999
0.000869
0.000898
0.000871
0.000858
0.001016
0.000871
0.000883
0.001034
0.000909
0.000843
0.001044
0.000947
0.000923
0.000946
0.000861
0.000953
0.000980
0.000882
0.000887
0.000943
0.001300
0.001043
0.000886
0.000922
0.001090
0.000897
0.000933
0.001021
0.001011
0.000930
0.000874
0.000847
0.000942
0.000880
0.001004
0.001156
0.000954
0.000927
0.000915
0.000831
0.000975
0.000984
0.001051
0.000911
0.001156
0.000853
0.000927
0.000889
0.001238
0.000975
0.000900
0.000949
0.000944
0.000948
0.000878
0.000906
0.001067
0.000920
0.000928
0.000885
0.000912
0.000872
0.000890
0.000950
0.000947
0.000954
0.000907
0.000888
0.000916
0.000912
0.000887
0.000914
0.000906
0.000877
0.000899
0.001086
0.000893
0.000902
0.000866
0.000927
0.000943
0.000902
0.000905
0.002329
0.000934
0.000998
0.001015
0.001043
0.000913
0.001237
0.000894
0.001004
0.000886
0.000856
0.001017
0.000899
0.000949
0.000947
0.001082
0.000969
0.000871
0.000896
0.000951
0.001081
0.000846
0.001051
0.000936
0.000966
0.000945
0.001054
0.000902
0.000887
0.001045
0.001029
0.000876
0.001056
0.000898
0.001148
0.000918
0.000886
0.000931
0.000963
0.000994
0.001008
0.000870
0.000889
0.000994
0.001008
0.000901
0.000914
0.000945
0.000907
0.001062
0.000919
0.001012
0.000870
0.000866
0.000971
0.000931
0.001110
0.000894
0.001706
0.000905
0.000957
0.000885
0.000863
0.000864
0.001036
0.001046
0.000941
0.000944
0.000905
0.000915
0.000860
0.000937
0.000970
0.001031
0.001041
0.001085
0.000901
0.000859
0.001013
0.001025
0.000896
0.001148
0.000943
0.000949
0.001099
0.000949
0.000920
0.000929
0.000927
0.001150
0.001010
0.000932
0.001089
0.001081
0.000923
0.001019
0.000879
0.001020
0.000944
0.000998
0.000885
0.000932
0.000929
0.000974
0.000988
0.000965
0.000946
0.000858
0.000915
0.000976
0.001041
0.001088
0.000949
0.000951
0.001117
0.001032
0.001298
0.000983
0.000937
0.001075
0.000905
0.000980
0.000942
0.000879
0.000919
0.001047
0.001135
0.000877
0.000955
0.000885
0.000912
0.000990
0.001085
0.000903
0.000909
0.000890
0.000914
0.001005
0.000941
0.000905
0.000932
0.000899
0.000932
0.000931
0.000920
0.001003
0.000925
0.000986
0.001058
0.000922
0.001784
0.001115
0.000920
0.000896
0.000865
0.001068
0.000924
0.001305
0.000880
0.000955
0.000853
0.001037
0.000951
0.000868
0.000995
0.000899
0.000984
0.000895
0.000923
0.000904
0.000900
0.000933
0.000923
0.001074
0.000910
0.000875
0.000995
0.000953
0.001001
0.000866
0.000916
0.000890
0.001100
0.000901
0.000929
0.000902
0.000847
0.001849
0.000922
0.000938
0.000936
0.000871
0.000981
0.001137
0.000896
0.000991
0.000887
0.000954
0.000871
0.000913
0.000898
0.000913
0.000941
0.000882
0.000859
0.000890
0.000954
0.000957
0.000910
0.000881
0.001028
0.000893
0.000948
0.001027
0.000851
0.001021
0.000933
0.000932
0.001083
0.000862
