0.002024
0.002054
0.002196
0.002430
0.001968
0.002280
0.002277
0.002178
0.002090
0.002096
0.002149
0.001994
0.002144
0.002444
0.002076
0.002107
0.002254
0.002167
0.002096
0.002137
0.002302
0.002460
0.002285
0.002214
0.002051
0.002155
0.002130
0.002177
0.002059
0.002291
0.002401
0.002459
0.002090
0.002116
0.002191
0.002331
0.002222
0.002227
0.002095
0.002298
0.002314
0.002193
0.002203
0.002114
0.002218
0.002450
0.002137
0.002199
0.002150
0.002090
0.002122
0.002103
0.002350
0.002090
0.002210
0.002321
0.002076
0.002112
0.002106
0.002177
0.002097
0.002015
0.002156
0.002204
0.002015
0.002174
0.001965
0.002299
0.002253
0.002217
0.002039
0.002265
0.002076
0.002084
0.002096
0.002015
0.002103
0.002280
0.002116
0.002145
0.002442
0.002285
0.002012
0.002400
0.002193
0.001984
0.002243
0.002073
0.002106
0.002078
0.002120
0.002019
0.002163
0.001938
0.001981
0.002195
0.002453
0.002120
0.002092
0.002382
0.002407
0.002437
0.002012
0.002138
0.002136
0.002106
0.002006
0.002195
0.002127
0.002382
0.002194
0.002199
0.002048
0.002293
0.002108
0.002151
0.002356
0.002182
0.002199
0.002362
0.002108
0.002124
0.002204
0.002209
0.001964
0.002431
0.002258
0.002117
0.002169
0.002186
0.002099
0.002225
0.002124
0.002202
0.002329
0.002352
0.002365
0.002201
0.002308
0.002200
0.002096
0.002113
0.002365
0.002214
0.001948
0.002092
0.002245
0.002322
0.002171
0.002145
0.002278
0.002398
0.002174
0.002161
0.001981
0.002183
0.001867
0.002234
0.002217
0.002355
0.002205
0.002066
0.001910
0.001940
0.001956
0.002252
0.001991
0.002295
0.001972
0.002199
0.002041
0.002146
0.002064
0.002191
0.002052
0.002207
0.002357
0.002257
0.002229
0.002136
0.002317
0.002181
0.002251
0.002278
0.002058
0.002074
0.002259
0.002267
0.002330
0.002027
0.002228
0.002136
0.002122
0.002282
0.002096
0.002199
0.002102
0.002338
0.002253
0.002004
0.002123
0.002116
0.002394
0.002423
0.002288
0.002202
0.002179
0.002109
0.002139
0.002094
0.002080
0.002450
0.002422
0.002311
0.002401
0.002447
0.002293
0.002220
0.002435
0.002139
0.002101
0.002388
0.002373
0.002048
0.002223
0.002182
0.002057
0.002060
0.002312
0.002196
0.002182
0.002294
0.002348
0.002250
0.002165
0.003009
0.002083
0.002034
0.002369
0.003558
0.001948
0.002279
0.002277
0.002172
0.002393
0.002196
0.002906
0.002362
0.002175
0.002099
0.002104
0.002381
0.002352
0.002195
0.001938
0.002122
0.002023
0.002265
0.002038
0.002144
0.002159
0.002324
0.002112
0.002015
0.002496
0.002223
0.002047
0.001938
0.002201
0.002350
0.002072
0.002317
0.002130
0.002211
0.002339
0.002055
0.002219
0.003558
0.002427
0.002137
0.002272
0.002221
0.002143
0.002150
0.001910
0.002118
0.002176
0.002240
0.002141
0.002105
0.002135
0.002212
0.002267
0.001994
0.002331
0.002341
0.002221
0.002134
0.002127
0.002096
0.002157
0.002126
0.002040
0.002118
0.002170
0.002107
0.003706
0.002134
0.002412
0.002124
0.002231
0.002225
0.002149
0.002311
0.002074
0.002092
0.002309
0.002209
0.002191
0.002368
0.002329
0.002008
0.002151
0.002191
0.002108
0.002045
0.002206
0.002138
0.002087
0.002448
0.002143
0.002120
0.002090
0.002100
0.002105
0.002029
0.002338
0.002081
0.002102
0.002088
0.002166
0.002329
0.001865
0.002230
0.002419
0.002056
0.002463
0.002096
0.002178
0.002462
0.002155
0.002030
0.002160
0.002104
0.002165
0.002129
0.002117
0.002367
0.002037
0.002083
0.002164
0.002175
0.002354
0.002170
0.002200
0.002180
0.002266
0.002121
0.002055
0.002165
0.002128
0.002116
0.001959
0.002199
0.002403
0.002197
0.002180
0.002275
0.002056
0.002066
0.002045
0.002078
0.002134
0.002004
0.002371
0.002254
0.002037
0.002230
0.002056
0.002070
0.002104
0.002255
0.002179
0.002087
0.002185
0.002211
0.002057
0.002145
0.002010
0.001911
0.002057
0.002254
0.002355
0.002183
0.002389
0.002236
0.002303
0.002108
0.002258
0.002115
0.002313
0.002045
0.002044
0.002094
0.002192
0.002133
0.002154
0.002242
0.002097
0.002160
0.002074
0.002070
0.002143
0.002131
0.002246
0.002353
0.002142
0.002038
0.002127
0.002120
0.002055
0.002290
0.002144
0.002200
0.002215
0.002070
0.002059
0.002123
0.002280
0.002020
0.002188
0.002100
0.002232
0.002220
0.002224
0.002164
0.002199
0.002415
0.002252
0.002281
0.002203
0.002059
0.002184
0.002354
0.002221
0.002123
0.002192
0.002023
0.002230
0.002164
0.002350
0.002455
0.001965
0.002197
0.002209
0.002176
0.002212
0.002088
0.002116
0.001997
0.002285
0.002004
0.002117
0.002082
0.002013
0.002037
0.002248
0.001994
0.002205
0.002368
0.002391
0.002128
0.002446
0.002021
0.002316
0.002047
0.002212
0.002040
0.002336
0.002121
0.002305
0.002167
0.002081
0.002152
0.002190
0.002377
0.002372
0.002382
0.002290
0.002123
