0.000828
0.000335
0.000355
0.000831
0.000426
0.000319
0.000315
0.000390
0.000353
0.000331
0.000329
0.000330
0.000316
0.000436
0.000425
0.000295
0.000372
0.000451
0.000345
0.000331
0.000373
0.000332
0.000369
0.000340
0.000327
0.000359
0.000332
0.000380
0.000405
0.000319
0.000342
0.000390
0.000434
0.000633
0.000344
0.000294
0.000422
0.000430
0.000330
0.000306
0.000315
0.000320
0.000323
0.000329
0.000337
0.000413
0.000346
0.000322
0.000573
0.000259
0.001089
0.000335
0.000336
0.000304
0.000337
0.000337
0.000341
0.000343
0.000430
0.000358
0.000334
0.000411
0.000359
0.000312
0.000316
0.000341
0.000393
0.000350
0.000432
0.000372
0.000323
0.000357
0.000365
0.000342
0.000334
0.000338
0.000359
0.000328
0.000300
0.000332
0.001121
0.000381
0.000304
0.000405
0.000345
0.000404
0.000347
0.000307
0.000322
0.000339
0.000308
0.000339
0.000314
0.000457
0.000346
0.000325
0.000314
0.000425
0.000328
0.000331
0.000355
0.000400
0.000344
0.000326
0.000329
0.000309
0.000312
0.000415
0.000389
0.000384
0.000345
0.000358
0.000362
0.000286
0.000306
0.000374
0.000317
0.000389
0.000389
0.000434
0.000368
0.000320
0.000324
0.000351
0.000325
0.000297
0.000324
0.000353
0.000346
0.000373
0.000299
0.000568
0.000368
0.000451
0.000349
0.000303
0.000314
0.000372
0.001231
0.000305
0.000386
0.000446
0.000328
0.000325
0.000323
0.000445
0.000351
0.000345
0.000389
0.000362
0.000342
0.000348
0.000419
0.000894
0.000308
0.000334
0.000376
0.000289
0.000314
0.000457
0.000309
0.000318
0.000318
0.000376
0.000355
0.000381
0.000294
0.000417
0.000245
0.000365
0.000992
0.000322
0.000470
0.000322
0.000359
0.000330
0.000314
0.000347
0.000329
0.000304
0.000323
0.000334
0.000371
0.000290
0.000331
0.000326
0.000297
0.000334
0.000352
0.000342
0.000435
0.000372
0.000317
0.000329
0.000252
0.000314
0.000306
0.000347
0.000401
0.000350
0.000332
0.000617
0.000337
0.000308
0.000330
0.000297
0.000298
0.000441
0.000371
0.000354
0.000358
0.000394
0.000321
0.000332
0.000309
0.000376
0.000326
0.000373
0.000302
0.000375
0.000321
0.000403
0.000352
0.000317
0.000333
0.000327
0.000321
0.000359
0.000314
0.000313
0.000399
0.000382
0.000377
0.000425
0.000308
0.000312
0.000326
0.000350
0.000450
0.000325
0.000340
0.000300
0.000339
0.000394
0.000385
0.000409
0.000902
0.000363
0.000380
0.000315
0.000361
0.000323
0.000289
0.000351
0.000312
0.000364
0.000363
0.000366
0.000323
0.000337
0.000353
0.000566
0.000341
0.000331
0.000382
0.000327
0.000323
0.000332
0.000314
0.000364
0.000322
0.000318
0.000318
0.000351
0.000329
0.000331
0.000330
0.000324
0.000334
0.000538
0.000335
0.000336
0.000310
0.000348
0.000355
0.000391
0.000614
0.000338
0.000440
0.000352
0.000305
0.000427
0.000296
0.000320
0.000374
0.000309
0.000556
0.000381
0.000342
0.000292
0.000279
0.000386
0.000386
0.000290
0.000451
0.000326
0.000328
0.000255
0.000376
0.000335
0.000322
0.000328
0.000304
0.000312
0.000309
0.000327
0.000259
0.000288
0.000355
0.000351
0.001206
0.000247
0.000273
0.000309
0.001268
0.000445
0.000315
0.000354
0.000488
0.000498
0.000619
0.000366
0.000321
0.000387
0.000328
0.000292
0.000389
0.000321
0.000278
0.001170
0.000297
0.000322
0.001100
0.000330
0.000295
0.000325
0.000529
0.000329
0.000363
0.000350
0.000316
0.000344
0.000304
0.000327
0.000364
0.000334
0.000591
0.000388
0.000335
0.000318
0.000320
0.001057
0.000351
0.000288
0.000322
0.000336
0.000338
0.000321
0.000298
0.000337
0.000341
0.000312
0.000316
0.000382
0.000319
0.000339
0.000369
0.000321
0.000324
0.000359
0.001058
0.000314
0.000290
0.000289
0.000329
0.000329
0.000238
0.000308
0.000311
0.000323
0.000313
0.000325
0.000309
0.000301
0.000402
0.000432
0.000319
0.000288
0.000404
0.000346
0.000321
0.000315
0.000310
0.000434
0.000311
0.000341
0.000333
0.000410
0.000300
0.000389
0.000390
0.000779
0.000284
0.000287
0.000301
0.000300
0.000908
0.000405
0.000303
0.000366
0.000378
0.000336
0.000351
0.000342
0.000323
0.000338
0.000343
0.000351
0.000333
0.000349
0.000290
0.000482
0.000327
0.000311
0.000341
0.000396
0.000299
0.000338
0.000296
0.000313
0.000322
0.000329
0.000392
0.000323
0.000402
0.000304
0.000370
0.000303
0.000431
0.000381
0.000385
0.000326
0.000312
0.000333
0.000346
0.000476
0.000557
0.000279
0.000310
0.000315
0.000324
0.000331
0.000308
0.000361
0.000398
0.001032
0.000327
0.000337
0.000299
0.000442
0.000325
0.000312
0.000346
0.000327
0.000325
0.000371
0.000386
0.000319
0.000374
0.000311
0.000331
0.000346
0.000312
0.000344
0.000386
0.000339
0.000343
0.000748
0.000336
0.000396
0.000316
0.000437
0.000325
0.000428
0.000328
0.000331
0.000527
0.000286
0.000319
0.000334
