0.000410
0.000460
0.000382
0.000414
0.000366
0.000401
0.000451
0.000407
0.000363
0.000349
0.000409
0.000418
0.000412
0.000385
0.000394
0.000386
0.000410
0.000376
0.000396
0.000413
0.000398
0.000407
0.000493
0.000421
0.000509
0.001208
0.000466
0.000452
0.000498
0.000469
0.000460
0.000459
0.000347
0.000500
0.000363
0.000400
0.000452
0.000406
0.000386
0.001161
0.000427
0.000425
0.000378
0.000643
0.000433
0.000438
0.000514
0.000386
0.000453
0.000514
0.000553
0.000372
0.000412
0.000499
0.000437
0.000386
0.000423
0.000400
0.000522
0.000697
0.000477
0.000458
0.000475
0.000400
0.000343
0.000440
0.000468
0.000478
0.000424
0.000372
0.000357
0.000427
0.000345
0.000378
0.000401
0.000385
0.000381
0.000398
0.000434
0.000405
0.000379
0.000420
0.000470
0.000405
0.000500
0.000418
0.000388
0.000374
0.001114
0.000351
0.000330
0.000566
0.000932
0.000345
0.000419
0.000425
0.000374
0.000360
0.000421
0.000432
0.000589
0.000462
0.000507
0.000555
0.000375
0.000443
0.000389
0.000400
0.000420
0.000485
0.000403
0.000415
0.000409
0.000381
0.000371
0.000732
0.000380
0.000393
0.000400
0.000474
0.000468
0.000406
0.000406
0.000351
0.000569
0.000346
0.000482
0.000472
0.000487
0.000401
0.000419
0.000434
0.001188
0.000551
0.000326
0.000429
0.001213
0.000430
0.000339
0.000471
0.000419
0.000509
0.000520
0.000399
0.000446
0.000369
0.000482
0.000430
0.000437
0.000381
0.000458
0.000407
0.000426
0.000365
0.000465
0.000462
0.000393
0.000434
0.000400
0.000444
0.000456
0.000479
0.000383
0.000463
0.000545
0.000411
0.000392
0.000370
0.000399
0.000424
0.000412
0.000385
0.000422
0.000411
0.000399
0.000429
0.000423
0.000389
0.000472
0.000487
0.000391
0.000393
0.001409
0.000423
0.000383
0.000481
0.000407
0.000541
0.000379
0.000420
0.000443
0.000360
0.000418
0.000497
0.000418
0.000662
0.000359
0.000381
0.000381
0.000502
0.000414
0.000382
0.000407
0.000460
0.000482
0.000382
0.000454
0.000429
0.000440
0.000856
0.000373
0.000447
0.000427
0.000384
0.000410
0.000439
0.000377
0.000438
0.000394
0.000457
0.000387
0.000493
0.000425
0.000384
0.000410
0.000401
0.000366
0.001082
0.000395
0.000362
0.000441
0.000433
0.000452
0.000462
0.000478
0.000379
0.000368
0.000365
0.000406
0.000481
0.000340
0.000400
0.000401
0.000400
0.000471
0.000409
0.000340
0.000437
0.000384
0.000530
0.000509
0.000385
0.000480
0.000420
0.000417
0.000488
0.000329
0.000395
0.000402
0.000402
0.000432
0.000447
0.000380
0.000360
0.000407
0.000390
0.000442
0.000490
0.000455
0.000426
0.000545
0.000648
0.000418
0.000384
0.000389
0.000402
0.000401
0.000392
0.000439
0.000475
0.000420
0.000343
0.000377
0.000376
0.000451
0.000611
0.000475
0.000398
0.000380
0.000427
0.000356
0.000374
0.000401
0.000365
0.000397
0.000412
0.000392
0.000358
0.000380
0.000403
0.000458
0.000436
0.000378
0.000353
0.000527
0.000412
0.000472
0.000525
0.000420
0.000407
0.000378
0.000412
0.000369
0.000438
0.000444
0.000406
0.000422
0.000438
0.000389
0.000417
0.000513
0.000402
0.000447
0.000508
0.000418
0.000420
0.000348
0.000424
0.000413
0.000388
0.000441
0.000372
0.000438
0.000495
0.000512
0.000400
0.000375
0.000423
0.000363
0.000399
0.000381
0.000412
0.000400
0.000432
0.000439
0.000492
0.000360
0.000443
0.000473
0.000398
0.000363
0.000396
0.000501
0.000425
0.000905
0.000425
0.000487
0.000395
0.000496
0.000502
0.000373
0.000370
0.000432
0.000420
0.000435
0.000443
0.000355
0.000421
0.000368
0.001215
0.000450
0.000340
0.000408
0.000469
0.000560
0.000520
0.000420
0.000572
0.000365
0.001111
0.000314
0.000377
0.000428
0.000409
0.000429
0.000427
0.000552
0.000490
0.000583
0.001148
0.000427
0.000507
0.000348
0.000559
0.000450
0.000720
0.000371
0.000372
0.000365
0.000392
0.000420
0.000454
0.000385
0.000423
0.000386
0.001121
0.000424
0.000571
0.000400
0.000396
0.000369
0.000373
0.000631
0.000350
0.000400
0.000570
0.000371
0.000423
0.000431
0.000433
0.000423
0.000358
0.000367
0.000459
0.000396
0.000470
0.000391
0.000611
0.000373
0.001625
0.001717
0.001682
0.001695
0.001805
0.001445
0.001818
0.001718
0.001723
0.001690
0.001744
0.001843
0.001739
0.001871
0.001580
0.001679
0.001669
0.001514
0.001660
0.001649
0.001656
0.001840
0.001575
0.001693
0.001752
0.001837
0.001743
0.001731
0.001579
0.001530
0.001673
0.001695
0.001722
0.001920
0.001630
0.001663
0.001576
0.001612
0.001545
0.001679
0.001853
0.001631
0.001707
0.001780
0.001902
0.001885
0.001536
0.001669
0.002066
0.001542
0.001676
0.001722
0.001593
0.001812
0.001776
0.001632
0.001806
0.001476
0.001709
0.001713
0.001717
0.001711
0.001727
0.001650
0.001578
0.001625
0.001525
0.001535
0.001916
0.001730
0.001907
