0.000615
0.000720
0.000539
0.000583
0.000538
0.000519
0.000558
0.000511
0.000590
0.000512
0.000540
0.000584
0.000464
0.000528
0.000520
0.000531
0.000545
0.000559
0.000581
0.000527
0.000539
0.000597
0.000545
0.000539
0.000550
0.000515
0.000603
0.000500
0.000639
0.000468
0.000582
0.000486
0.000615
0.000521
0.000506
0.000592
0.000523
0.000513
0.000545
0.000589
0.000581
0.000506
0.000506
0.000557
0.000481
0.000530
0.000618
0.000522
0.000502
0.000547
0.000578
0.000585
0.000541
0.000501
0.000486
0.000620
0.000479
0.000534
0.000608
0.000509
0.000493
0.000511
0.000590
0.000494
0.000532
0.000558
0.000504
0.000458
0.000520
0.000497
0.000558
0.000486
0.000511
0.000541
0.000502
0.000621
0.000506
0.000495
0.000550
0.000509
0.000521
0.000535
0.000551
0.000505
0.000517
0.000505
0.000510
0.000522
0.000518
0.000483
0.000505
0.000564
0.000534
0.000520
0.000494
0.000545
0.000489
0.000601
0.000488
0.000514
0.000557
0.000628
0.000617
0.000485
0.000485
0.000550
0.000559
0.000571
0.000520
0.000500
0.000563
0.000529
0.000536
0.000890
0.000523
0.000580
0.000563
0.000513
0.000483
0.000600
0.000535
0.000500
0.000509
0.000544
0.000541
0.000524
0.000544
0.000579
0.000583
0.000556
0.000480
0.000638
0.000549
0.000587
0.000502
0.000530
0.000612
0.000508
0.000488
0.000526
0.000566
0.000501
0.000599
0.000597
0.000549
0.000485
0.000540
0.000566
0.000567
0.000607
0.000570
0.000570
0.000698
0.000503
0.000505
0.000517
0.000758
0.000587
0.000522
0.000573
0.000629
0.000605
0.000530
0.000601
0.000575
0.000631
0.000603
0.000608
0.000482
0.000621
0.000537
0.000484
0.000555
0.000563
0.000599
0.000573
0.000482
0.000516
0.000570
0.000490
0.000686
0.000511
0.000552
0.000506
0.000626
0.000496
0.000527
0.000535
0.000601
0.000535
0.000479
0.000599
0.000536
0.000654
0.000512
0.000562
0.000579
0.000608
0.000572
0.000591
0.000730
0.000631
0.000488
0.000499
0.000516
0.000532
0.000654
0.000590
0.000534
0.000501
0.000650
0.000612
0.000564
0.000557
0.000507
0.000579
0.000606
0.000610
0.000514
0.000729
0.000533
0.000567
0.000570
0.000530
0.000511
0.000569
0.000592
0.000494
0.000514
0.000556
0.000421
0.000633
0.000493
0.000506
0.000509
0.000501
0.000566
0.000541
0.000537
0.000517
0.000588
0.000623
0.000484
0.000521
0.000536
0.000518
0.000522
0.000660
0.000489
0.000628
0.000559
0.000498
0.000469
0.000493
0.000492
0.000563
0.000474
0.000486
0.000534
0.000565
0.000550
0.000570
0.000478
0.000560
0.000538
0.000603
0.000490
0.000497
0.000593
0.000463
0.000558
0.000586
0.000578
0.000501
0.000565
0.000565
0.000588
0.000492
0.000765
0.000587
0.000537
0.000612
0.000492
0.000547
0.000493
0.000568
0.000551
0.000575
0.000523
0.000504
0.000515
0.000540
0.000533
0.000607
0.000555
0.000540
0.000600
0.000503
0.000560
0.000529
0.000511
0.000590
0.000604
0.000539
0.001019
0.000546
0.000671
0.000481
0.000504
0.000516
0.000563
0.000511
0.000503
0.000477
0.000887
0.000603
0.000597
0.000509
0.000523
0.000522
0.000638
0.000517
0.000500
0.000519
0.000534
0.000526
0.000524
0.000573
0.000530
0.000561
0.000485
0.000501
0.000568
0.000584
0.000486
0.000633
0.001006
0.000663
0.000544
0.000543
0.000557
0.000603
0.000572
0.000507
0.000502
0.000603
0.000624
0.000930
0.000571
0.000522
0.000472
0.000573
0.000551
0.000534
0.000604
0.000699
0.000499
0.000528
0.000607
0.000564
0.000570
0.000536
0.000614
0.000603
0.000517
0.000548
0.000587
0.000564
0.000600
0.000573
0.000557
0.000529
0.000607
0.000550
0.000566
0.000519
0.000575
0.000498
0.000549
0.000515
0.000548
0.000548
0.000626
0.000527
0.000957
0.000602
0.000518
0.000507
0.000791
0.000562
0.000540
0.000578
0.000560
0.000562
0.000533
0.000564
0.000487
0.000531
0.000482
0.000529
0.000518
0.000682
0.000507
0.000506
0.000561
0.000609
0.000541
0.000533
0.000667
0.000624
0.000553
0.000470
0.000495
0.000519
0.000571
0.000563
0.000509
0.000474
0.000572
0.000551
0.000501
0.000520
0.000500
0.000564
0.000581
0.000577
0.000454
0.000669
0.000481
0.000498
0.000533
0.000554
0.000513
0.000629
0.000511
0.000531
0.000557
0.000490
0.000499
0.000612
0.000556
0.000538
0.000576
0.000563
0.000529
0.000619
0.000550
0.000620
0.000506
0.000619
0.000542
0.000684
0.000600
0.000513
0.000518
0.000460
0.000617
0.000551
0.000620
0.000671
0.000572
0.000637
0.000530
0.000616
0.000504
0.000566
0.000606
0.000502
0.000552
0.000641
0.000485
0.000557
0.000601
0.000609
0.000550
0.000581
0.000530
0.000537
0.000561
0.000516
0.000669
0.000534
0.000570
0.000524
0.000515
0.000578
0.000490
0.000508
0.000585
0.000474
0.000634
0.000605
0.000654
0.000607
0.000566
0.000499
0.000577
0.000557
0.000494
0.000566
